[BEGIN ONEBODY SEQPOS/ROTINDEX/ENERGY]
4	1	41.2036
4	2	41.2446
5	1	-3.22856
5	2	-2.91863
5	3	-2.02193
5	4	-1.51978
5	5	-4.07982
5	6	-3.23069
5	7	-3.61912
5	8	-1.46279
5	9	-4.59591
5	10	-4.50846
5	11	-1.84444
5	12	-1.34702
5	13	-3.76462
5	14	-3.17795
5	15	-3.3497
5	16	-1.45354
8	1	582.379
8	2	624.16
24	1	188.667
24	2	89.5191
37	1	337.719
37	2	317.663
38	1	20.7772
38	2	25.251
[END ONEBODY SEQPOS/ROTINDEX/ENERGY]
[BEGIN TWOBODY SEQPOS1/ROTINDEX1/SEQPOS2/ROTINDEX2/ENERGY]
4	1	5	1	0.45737
4	1	5	2	0.456596
4	1	5	3	0.445666
4	1	5	4	0.452416
4	1	5	5	0.397653
4	1	5	6	0.418487
4	1	5	7	0.405002
4	1	5	8	0.433689
4	1	5	9	0.418653
4	1	5	10	0.402579
4	1	5	11	0.40309
4	1	5	12	0.408635
4	1	5	13	0.355281
4	1	5	14	0.37783
4	1	5	15	0.363716
4	1	5	16	0.392705
4	2	5	1	0.39442
4	2	5	2	0.393646
4	2	5	3	0.382716
4	2	5	4	0.389466
4	2	5	5	0.334704
4	2	5	6	0.355538
4	2	5	7	0.342052
4	2	5	8	0.37074
4	2	5	9	0.355706
4	2	5	10	0.339633
4	2	5	11	0.340143
4	2	5	12	0.345688
4	2	5	13	0.292334
4	2	5	14	0.314884
4	2	5	15	0.300769
4	2	5	16	0.329758
4	1	8	1	377.086
4	1	8	2	334.828
4	2	8	1	254.321
4	2	8	2	395.474
4	1	24	1	3822.62
4	1	24	2	4295.66
4	2	24	1	3792.38
4	2	24	2	4436.68
4	1	37	1	1.39381
4	1	37	2	1.44333
4	2	37	1	0.111891
4	2	37	2	0.195223
4	1	38	1	1483.26
4	1	38	2	1615.11
4	2	38	1	1532.47
4	2	38	2	1581.18
5	1	8	1	-1.73503
5	1	8	2	-1.3604
5	2	8	1	-1.75888
5	2	8	2	-1.39748
5	3	8	1	-1.6828
5	3	8	2	-1.22135
5	4	8	1	-1.69546
5	4	8	2	-1.28489
5	5	8	1	-1.73294
5	5	8	2	-1.28045
5	6	8	1	-1.73214
5	6	8	2	-1.27134
5	7	8	1	-1.70527
5	7	8	2	-1.25264
5	8	8	1	-1.67464
5	8	8	2	-1.23023
5	9	8	1	-1.67762
5	9	8	2	-1.21032
5	10	8	1	-1.6468
5	10	8	2	-1.19179
5	11	8	1	-1.67994
5	11	8	2	-1.20884
5	12	8	1	-1.68606
5	12	8	2	-1.23047
5	13	8	1	-1.70761
5	13	8	2	-1.24101
5	14	8	1	-1.71555
5	14	8	2	-1.23377
5	15	8	1	-1.68581
5	15	8	2	-1.23591
5	16	8	1	-1.67407
5	16	8	2	-1.2408
5	1	24	1	-0.0507572
5	1	24	2	0.38381
5	2	24	1	-0.0507572
5	2	24	2	0.38381
5	3	24	1	-0.0507572
5	3	24	2	0.38381
5	4	24	1	-0.0507572
5	4	24	2	0.38381
5	5	24	1	-0.0506623
5	5	24	2	0.38381
5	6	24	1	-0.0508817
5	6	24	2	0.38381
5	7	24	1	-0.0507758
5	7	24	2	0.38381
5	8	24	1	-0.0507572
5	8	24	2	0.38381
5	9	24	1	-0.0511334
5	9	24	2	0.383791
5	10	24	1	-0.0511717
5	10	24	2	0.383791
5	11	24	1	-0.0511215
5	11	24	2	0.383791
5	12	24	1	-0.0511215
5	12	24	2	0.383791
5	13	24	1	-0.0511608
5	13	24	2	0.383791
5	14	24	1	-0.0511832
5	14	24	2	0.383791
5	15	24	1	-0.0511305
5	15	24	2	0.383791
5	16	24	1	-0.0511215
5	16	24	2	0.383791
5	1	37	1	0.00111947
5	1	37	2	0.00111947
5	2	37	1	0.00111947
5	2	37	2	0.00111947
5	3	37	1	-0.00042433
5	3	37	2	-0.00042433
5	4	37	1	0.00111947
5	4	37	2	0.00111947
5	5	37	1	0.00111947
5	5	37	2	0.00111947
5	6	37	1	0.00071811
5	6	37	2	0.00071811
5	7	37	1	0.00111947
5	7	37	2	0.00111947
5	8	37	1	0.00111947
5	8	37	2	0.00111947
5	9	37	1	0.00054251
5	9	37	2	0.00054251
5	10	37	1	0.000668924
5	10	37	2	0.000668924
5	11	37	1	-4.27584e-05
5	11	37	2	-4.27584e-05
5	12	37	1	0.00103769
5	12	37	2	0.00103769
5	13	37	1	0.00111948
5	13	37	2	0.00111948
5	14	37	1	0.000808754
5	14	37	2	0.000808754
5	15	37	1	0.00111948
5	15	37	2	0.00111948
5	16	37	1	0.00111948
5	16	37	2	0.00111948
5	1	38	1	125.667
5	1	38	2	125.517
5	2	38	1	125.674
5	2	38	2	125.531
5	3	38	1	125.806
5	3	38	2	125.648
5	4	38	1	125.719
5	4	38	2	125.566
5	5	38	1	125.883
5	5	38	2	125.728
5	6	38	1	125.834
5	6	38	2	125.674
5	7	38	1	125.888
5	7	38	2	125.734
5	8	38	1	125.8
5	8	38	2	125.645
5	9	38	1	126.129
5	9	38	2	125.957
5	10	38	1	126.182
5	10	38	2	126.006
5	11	38	1	125.839
5	11	38	2	125.684
5	12	38	1	126.063
5	12	38	2	125.909
5	13	38	1	125.811
5	13	38	2	125.657
5	14	38	1	125.829
5	14	38	2	125.67
5	15	38	1	125.854
5	15	38	2	125.701
5	16	38	1	125.896
5	16	38	2	125.743
8	1	24	1	281.858
8	1	24	2	342.103
8	2	24	1	334.465
8	2	24	2	348.016
8	1	37	1	-0.574118
8	1	37	2	-0.591079
8	2	37	1	-0.22394
8	2	37	2	-0.212763
8	1	38	1	618.886
8	1	38	2	629.395
8	2	38	1	628.645
8	2	38	2	640.988
24	1	37	1	23.4278
24	1	37	2	23.102
24	2	37	1	23.489
24	2	37	2	23.1626
24	1	38	1	1912.19
24	1	38	2	1853.75
24	2	38	1	1663.16
24	2	38	2	1896.96
37	1	38	1	0.0696186
37	1	38	2	0.123739
37	2	38	1	0.11043
37	2	38	2	0.16449
[END TWOBODY SEQPOS1/ROTINDEX1/SEQPOS2/ROTINDEX2/ENERGY]
