[BEGIN ONEBODY SEQPOS/ROTINDEX/ENERGY]
1	1	13.5588
1	2	13.7025
1	3	14.3064
1	4	14.3091
4	1	116.084
5	1	-0.0712764
5	2	2.2415
5	3	2.69346
5	4	3.28831
5	5	4.13633
5	6	1.36442
6	1	-3.21071
6	2	-1.66294
6	3	-2.07597
6	4	-0.793043
6	5	-3.70915
6	6	-0.437434
6	7	-1.82262
6	8	0.328586
6	9	0.112869
6	10	-1.21061
7	1	34.8847
8	1	5.86526
14	1	171.91
17	1	36.1807
18	1	183.497
24	1	54.9402
27	1	35.0925
34	1	718.698
35	1	4.48866
35	2	1.4701
35	3	1.96963
35	4	1.74452
35	5	2.16036
37	1	34.682
38	1	9.07032
39	1	2.09889
39	2	3.62682
39	3	3.5836
39	4	4.36639
39	5	3.00448
39	6	5.06191
39	7	3.05774
39	8	5.63337
39	9	5.62293
39	10	4.39878
[END ONEBODY SEQPOS/ROTINDEX/ENERGY]
[BEGIN TWOBODY SEQPOS1/ROTINDEX1/SEQPOS2/ROTINDEX2/ENERGY]
1	1	4	1	20.6562
1	2	4	1	14.5637
1	3	4	1	1.04775
1	4	4	1	0.730754
1	1	5	1	-1.92041
1	1	5	2	-1.92187
1	1	5	3	-1.95804
1	1	5	4	-1.98035
1	1	5	5	-1.98677
1	1	5	6	-1.92089
1	2	5	1	-1.92041
1	2	5	2	-1.92187
1	2	5	3	-1.95804
1	2	5	4	-1.98035
1	2	5	5	-1.98677
1	2	5	6	-1.92089
1	3	5	1	-1.92041
1	3	5	2	-1.92187
1	3	5	3	-1.95804
1	3	5	4	-1.98035
1	3	5	5	-1.98677
1	3	5	6	-1.92089
1	4	5	1	-1.92041
1	4	5	2	-1.92187
1	4	5	3	-1.95804
1	4	5	4	-1.98035
1	4	5	5	-1.98677
1	4	5	6	-1.92089
1	1	6	1	-0.170088
1	1	6	2	-0.170088
1	1	6	3	-0.170088
1	1	6	4	-0.170088
1	1	6	5	-0.170088
1	1	6	6	-0.170088
1	1	6	7	-0.170319
1	1	6	8	-0.170088
1	1	6	9	-0.170088
1	1	6	10	-0.170096
1	2	6	1	-0.170088
1	2	6	2	-0.170088
1	2	6	3	-0.170088
1	2	6	4	-0.170088
1	2	6	5	-0.170088
1	2	6	6	-0.170088
1	2	6	7	-0.170319
1	2	6	8	-0.170088
1	2	6	9	-0.170088
1	2	6	10	-0.170096
1	3	6	1	-0.170088
1	3	6	2	-0.170088
1	3	6	3	-0.170088
1	3	6	4	-0.170088
1	3	6	5	-0.170088
1	3	6	6	-0.170088
1	3	6	7	-0.170319
1	3	6	8	-0.170088
1	3	6	9	-0.170088
1	3	6	10	-0.170096
1	4	6	1	-0.170088
1	4	6	2	-0.170088
1	4	6	3	-0.170088
1	4	6	4	-0.170088
1	4	6	5	-0.170088
1	4	6	6	-0.170088
1	4	6	7	-0.170319
1	4	6	8	-0.170088
1	4	6	9	-0.170088
1	4	6	10	-0.170096
1	1	17	1	-0.000473436
1	2	17	1	-0.000473436
1	3	17	1	-0.000473436
1	4	17	1	-0.000473436
1	1	18	1	-0.231959
1	2	18	1	-0.234466
1	3	18	1	-0.233192
1	4	18	1	-0.234496
1	1	24	1	635.814
1	2	24	1	447.906
1	3	24	1	621.058
1	4	24	1	498.254
1	1	37	1	-8.69327e-05
1	2	37	1	-6.05588e-05
1	3	37	1	-0.0386553
1	4	37	1	-0.0118942
1	1	38	1	-0.116863
1	2	38	1	-0.0383849
1	3	38	1	-0.286397
1	4	38	1	-0.244977
1	1	39	1	0.146289
1	1	39	2	0.146226
1	1	39	3	0.132055
1	1	39	4	0.146225
1	1	39	5	0.0794611
1	1	39	6	0.14876
1	1	39	7	0.133453
1	1	39	8	0.146289
1	1	39	9	0.148858
1	1	39	10	0.0786494
1	2	39	1	0.0728913
1	2	39	2	0.0728289
1	2	39	3	0.0586582
1	2	39	4	0.0728277
1	2	39	5	0.00606393
1	2	39	6	0.0772998
1	2	39	7	0.0600288
1	2	39	8	0.0728913
1	2	39	9	0.0788047
1	2	39	10	0.00525216
1	3	39	1	0.0241316
1	3	39	2	0.0240691
1	3	39	3	0.00989844
1	3	39	4	0.024068
1	3	39	5	-0.0426958
1	3	39	6	0.0266033
1	3	39	7	0.0112965
1	3	39	8	0.0241316
1	3	39	9	0.0265465
1	3	39	10	-0.0435076
1	4	39	1	-0.037794
1	4	39	2	-0.0378565
1	4	39	3	-0.0520272
1	4	39	4	-0.0378576
1	4	39	5	-0.104621
1	4	39	6	-0.0354248
1	4	39	7	-0.0506291
1	4	39	8	-0.037794
1	4	39	9	-0.0337045
1	4	39	10	-0.105433
4	1	5	1	0.407791
4	1	5	2	0.39352
4	1	5	3	0.349484
4	1	5	4	0.342219
4	1	5	5	0.364723
4	1	5	6	0.411772
4	1	6	1	0.0317294
4	1	6	2	0.0319453
4	1	6	3	0.0319453
4	1	6	4	0.0317229
4	1	6	5	0.0312782
4	1	6	6	0.0319453
4	1	6	7	0.0132863
4	1	6	8	0.0319453
4	1	6	9	0.0319453
4	1	6	10	0.0304104
4	1	7	1	-1.74609
4	1	8	1	66.0194
4	1	14	1	-0.110086
4	1	17	1	408.717
4	1	18	1	1059.66
4	1	24	1	541.741
4	1	27	1	-5.46201e-05
4	1	34	1	0.432364
4	1	35	1	-0.0917938
4	1	35	2	-0.110874
4	1	35	3	-0.123597
4	1	35	4	-0.092955
4	1	35	5	-0.0915811
4	1	37	1	-0.0727329
4	1	38	1	544.714
4	1	39	1	-0.050344
4	1	39	2	-0.050344
4	1	39	3	-0.050344
4	1	39	4	-0.050344
4	1	39	5	-0.0509597
4	1	39	6	-0.050344
4	1	39	7	-0.050344
4	1	39	8	-0.050344
4	1	39	9	-0.050344
4	1	39	10	-0.0378134
5	1	6	1	-0.348001
5	1	6	2	-0.825227
5	1	6	3	-0.992679
5	1	6	4	-0.384991
5	1	6	5	18.71
5	1	6	6	-0.388468
5	1	6	7	32.7615
5	1	6	8	-0.48202
5	1	6	9	-0.355065
5	1	6	10	60.1819
5	2	6	1	0.125171
5	2	6	2	0.0125667
5	2	6	3	-0.0336129
5	2	6	4	0.108311
5	2	6	5	-0.953483
5	2	6	6	0.0670815
5	2	6	7	-2.93766
5	2	6	8	0.103443
5	2	6	9	0.0602193
5	2	6	10	1.34634
5	3	6	1	0.291128
5	3	6	2	0.292737
5	3	6	3	0.246442
5	3	6	4	0.276679
5	3	6	5	-0.462597
5	3	6	6	0.23261
5	3	6	7	-0.434732
5	3	6	8	0.288202
5	3	6	9	0.22559
5	3	6	10	-0.705999
5	4	6	1	0.225252
5	4	6	2	0.227177
5	4	6	3	0.179268
5	4	6	4	0.210804
5	4	6	5	-0.344803
5	4	6	6	0.166701
5	4	6	7	-0.203541
5	4	6	8	0.222326
5	4	6	9	0.159711
5	4	6	10	-0.538776
5	5	6	1	0.147886
5	5	6	2	0.150451
5	5	6	3	0.10544
5	5	6	4	0.133695
5	5	6	5	-0.460669
5	5	6	6	0.0916169
5	5	6	7	-0.374958
5	5	6	8	0.144996
5	5	6	9	0.082831
5	5	6	10	-0.623401
5	6	6	1	1.55452
5	6	6	2	1.04135
5	6	6	3	3.15447
5	6	6	4	1.49366
5	6	6	5	20.9701
5	6	6	6	1.47337
5	6	6	7	27.9341
5	6	6	8	1.45316
5	6	6	9	1.55069
5	6	6	10	38.711
5	1	7	1	0.0152414
5	2	7	1	0.0147253
5	3	7	1	0.0146877
5	4	7	1	0.00736908
5	5	7	1	-0.00280697
5	6	7	1	0.00153894
5	1	8	1	-1.72823
5	2	8	1	-1.75056
5	3	8	1	-1.77322
5	4	8	1	-1.74876
5	5	8	1	-1.72767
5	6	8	1	-1.73006
5	1	14	1	-0.181273
5	2	14	1	-0.181273
5	3	14	1	-0.181273
5	4	14	1	-0.181307
5	5	14	1	-0.18128
5	6	14	1	-0.181273
5	1	17	1	-0.0148256
5	2	17	1	-0.0148256
5	3	17	1	-0.0148256
5	4	17	1	-0.0148256
5	5	17	1	-0.0148256
5	6	17	1	-0.0148256
5	1	18	1	1.65705
5	2	18	1	1.63532
5	3	18	1	1.63467
5	4	18	1	1.66378
5	5	18	1	1.67978
5	6	18	1	1.67509
5	1	24	1	0.00334787
5	2	24	1	-0.00828665
5	3	24	1	-0.0147015
5	4	24	1	-0.0147015
5	5	24	1	-0.00876819
5	6	24	1	0.00292546
5	1	34	1	-0.0917938
5	2	34	1	-0.110874
5	3	34	1	-0.123597
5	4	34	1	-0.092955
5	5	34	1	-0.0915811
5	6	34	1	-0.0915811
5	1	35	1	188.719
5	1	35	2	253.575
5	1	35	3	388.175
5	1	35	4	405.556
5	1	35	5	376.202
5	2	35	1	253.575
5	2	35	2	361.881
5	2	35	3	593.393
5	2	35	4	576.753
5	2	35	5	420.689
5	3	35	1	388.175
5	3	35	2	593.393
5	3	35	3	800.079
5	3	35	4	606.52
5	3	35	5	387.216
5	4	35	1	405.556
5	4	35	2	576.753
5	4	35	3	606.52
5	4	35	4	388.505
5	4	35	5	254.996
5	5	35	1	376.202
5	5	35	2	420.689
5	5	35	3	387.216
5	5	35	4	254.996
5	5	35	5	175.624
5	6	35	1	187.042
5	6	35	2	247.957
5	6	35	3	320.644
5	6	35	4	344.167
5	6	35	5	366.737
5	1	37	1	0.000429531
5	2	37	1	-0.00061425
5	3	37	1	0.00111107
5	4	37	1	0.00111107
5	5	37	1	0.00111107
5	6	37	1	0.00111107
5	1	38	1	124.959
5	2	38	1	124.943
5	3	38	1	124.962
5	4	38	1	124.968
5	5	38	1	124.907
5	6	38	1	124.981
5	1	39	1	3.11854
5	1	39	2	2.42566
5	1	39	3	2.5593
5	1	39	4	3.21612
5	1	39	5	1568.16
5	1	39	6	3.34964
5	1	39	7	1736.64
5	1	39	8	5.28616
5	1	39	9	3.29423
5	1	39	10	1713.95
5	2	39	1	-1.18656
5	2	39	2	-2.76133
5	2	39	3	-1.90141
5	2	39	4	-1.07285
5	2	39	5	1278.1
5	2	39	6	-0.892793
5	2	39	7	1835.9
5	2	39	8	-2.31145
5	2	39	9	-0.946339
5	2	39	10	1433.3
5	3	39	1	-1.70254
5	3	39	2	5.44485
5	3	39	3	-3.51011
5	3	39	4	-1.48932
5	3	39	5	1010.2
5	3	39	6	-1.0618
5	3	39	7	2441.91
5	3	39	8	3.93292
5	3	39	9	-1.05852
5	3	39	10	1080.53
5	4	39	1	0.285827
5	4	39	2	514.227
5	4	39	3	178.86
5	4	39	4	-1.96624
5	4	39	5	1069.89
5	4	39	6	-2.63
5	4	39	7	2699.4
5	4	39	8	364.011
5	4	39	9	-3.24672
5	4	39	10	1121.68
5	5	39	1	248.304
5	5	39	2	919.71
5	5	39	3	549.729
5	5	39	4	169.909
5	5	39	5	1514.57
5	5	39	6	14.2257
5	5	39	7	2627.51
5	5	39	8	1057.07
5	5	39	9	-1.98023
5	5	39	10	1525.51
5	6	39	1	7.50299
5	6	39	2	9.40653
5	6	39	3	7.05359
5	6	39	4	7.56006
5	6	39	5	1686.85
5	6	39	6	7.69853
5	6	39	7	1725.05
5	6	39	8	17.6577
5	6	39	9	7.68096
5	6	39	10	1753.67
6	1	7	1	32.3552
6	2	7	1	-0.699476
6	3	7	1	-0.509792
6	4	7	1	-2.91485
6	5	7	1	-0.00975624
6	6	7	1	-0.439403
6	7	7	1	-0.00792283
6	8	7	1	-0.64819
6	9	7	1	-0.197751
6	10	7	1	-0.00662458
6	1	8	1	-0.0883995
6	2	8	1	-0.0888372
6	3	8	1	-0.0888372
6	4	8	1	-0.0888372
6	5	8	1	-0.0899181
6	6	8	1	-0.0888695
6	7	8	1	-0.0899181
6	8	8	1	-0.0909023
6	9	8	1	-0.0958012
6	10	8	1	-0.0899182
6	1	14	1	-0.129721
6	2	14	1	-0.129519
6	3	14	1	-0.129519
6	4	14	1	-0.129519
6	5	14	1	-0.129519
6	6	14	1	-0.129526
6	7	14	1	-0.129519
6	8	14	1	-0.129715
6	9	14	1	-0.121461
6	10	14	1	-0.129519
6	1	17	1	73.35
6	2	17	1	-2.0719
6	3	17	1	-2.03841
6	4	17	1	191.35
6	5	17	1	-1.39003
6	6	17	1	-3.40355
6	7	17	1	-1.16659
6	8	17	1	-1.99692
6	9	17	1	-2.23262
6	10	17	1	-1.26434
6	1	18	1	0.00578117
6	2	18	1	0.00578117
6	3	18	1	0.00578117
6	4	18	1	0.00578117
6	5	18	1	0.00578117
6	6	18	1	0.00578117
6	7	18	1	0.00578117
6	8	18	1	0.00578117
6	9	18	1	0.00578117
6	10	18	1	0.00578117
6	1	35	1	-0.0419252
6	1	35	2	-0.0640403
6	1	35	3	-0.049369
6	1	35	4	-0.00277175
6	1	35	5	-0.00207339
6	2	35	1	-0.0419252
6	2	35	2	-0.0640403
6	2	35	3	-0.049369
6	2	35	4	-0.00277175
6	2	35	5	-0.00207339
6	3	35	1	-0.0420382
6	3	35	2	-0.0640859
6	3	35	3	-0.049369
6	3	35	4	-0.00277175
6	3	35	5	-0.00207339
6	4	35	1	-0.0419252
6	4	35	2	-0.0640403
6	4	35	3	-0.049369
6	4	35	4	-0.00277175
6	4	35	5	-0.00207339
6	5	35	1	-0.0321764
6	5	35	2	-0.0512058
6	5	35	3	-0.0486296
6	5	35	4	-0.00277177
6	5	35	5	-0.00207339
6	6	35	1	-0.0419475
6	6	35	2	-0.0640403
6	6	35	3	-0.049369
6	6	35	4	-0.00277175
6	6	35	5	-0.00207339
6	7	35	1	-0.0421972
6	7	35	2	-0.0641337
6	7	35	3	-0.049369
6	7	35	4	-0.00277175
6	7	35	5	-0.00238024
6	8	35	1	-0.0419252
6	8	35	2	-0.0640403
6	8	35	3	-0.049369
6	8	35	4	-0.00277175
6	8	35	5	-0.00207339
6	9	35	1	-0.0419283
6	9	35	2	-0.0640403
6	9	35	3	-0.049369
6	9	35	4	-0.00277175
6	9	35	5	-0.00207339
6	10	35	1	-0.0329752
6	10	35	2	-0.0463908
6	10	35	3	-0.0434529
6	10	35	4	-0.00278481
6	10	35	5	-0.00207339
6	1	38	1	-0.106848
6	2	38	1	-0.106848
6	3	38	1	-0.106848
6	4	38	1	-0.106848
6	5	38	1	-0.10685
6	6	38	1	-0.106848
6	7	38	1	-0.10685
6	8	38	1	-0.106848
6	9	38	1	-0.106848
6	10	38	1	-0.1069
6	1	39	1	0
6	1	39	2	0
6	1	39	3	0
6	1	39	4	0
6	1	39	5	-0.0420589
6	1	39	6	0
6	1	39	7	0.000961802
6	1	39	8	0
6	1	39	9	0
6	1	39	10	-0.0999784
6	2	39	1	0
6	2	39	2	0
6	2	39	3	0
6	2	39	4	0
6	2	39	5	-0.0420589
6	2	39	6	0
6	2	39	7	0.000849778
6	2	39	8	0
6	2	39	9	0
6	2	39	10	-0.0999784
6	3	39	1	0
6	3	39	2	0
6	3	39	3	0
6	3	39	4	0
6	3	39	5	-0.0420592
6	3	39	6	0
6	3	39	7	0.000764003
6	3	39	8	0
6	3	39	9	0
6	3	39	10	-0.0999803
6	4	39	1	0
6	4	39	2	0
6	4	39	3	0
6	4	39	4	0
6	4	39	5	-0.0420589
6	4	39	6	0
6	4	39	7	0.000961802
6	4	39	8	0
6	4	39	9	0
6	4	39	10	-0.0999784
6	5	39	1	0
6	5	39	2	0
6	5	39	3	0
6	5	39	4	0
6	5	39	5	-0.0227746
6	5	39	6	0
6	5	39	7	-0.0414468
6	5	39	8	0
6	5	39	9	0
6	5	39	10	-0.080438
6	6	39	1	0
6	6	39	2	0
6	6	39	3	0
6	6	39	4	0
6	6	39	5	-0.0420589
6	6	39	6	0
6	6	39	7	0.000961802
6	6	39	8	0
6	6	39	9	0
6	6	39	10	-0.0999784
6	7	39	1	0
6	7	39	2	0
6	7	39	3	0
6	7	39	4	0
6	7	39	5	-0.042059
6	7	39	6	0
6	7	39	7	-0.0533414
6	7	39	8	0
6	7	39	9	0
6	7	39	10	-0.0999786
6	8	39	1	0
6	8	39	2	0
6	8	39	3	0
6	8	39	4	0
6	8	39	5	-0.0420589
6	8	39	6	0
6	8	39	7	0.000961802
6	8	39	8	0
6	8	39	9	0
6	8	39	10	-0.0999784
6	9	39	1	0
6	9	39	2	0
6	9	39	3	0
6	9	39	4	0
6	9	39	5	-0.0420589
6	9	39	6	0
6	9	39	7	0.000961802
6	9	39	8	0
6	9	39	9	0
6	9	39	10	-0.0999784
6	10	39	1	0
6	10	39	2	0
6	10	39	3	0
6	10	39	4	0
6	10	39	5	-0.00980237
6	10	39	6	0
6	10	39	7	-0.0882548
6	10	39	8	0
6	10	39	9	0
6	10	39	10	-0.0681586
7	1	8	1	31.4088
7	1	14	1	408.717
7	1	17	1	3372.26
7	1	18	1	-0.139942
7	1	24	1	-5.46201e-05
7	1	34	1	-0.0727329
7	1	35	1	0.000429532
7	1	35	2	-0.00061425
7	1	35	3	0.00111107
7	1	35	4	0.00111107
7	1	35	5	0.00111107
7	1	38	1	-0.0465853
8	1	14	1	641.756
8	1	17	1	107.854
8	1	18	1	2606.58
8	1	24	1	102.519
8	1	27	1	8.30218
8	1	34	1	808.364
8	1	35	1	139.124
8	1	35	2	139.109
8	1	35	3	139.133
8	1	35	4	139.138
8	1	35	5	139.071
8	1	37	1	6.05165
8	1	38	1	2827.3
8	1	39	1	0.0260269
8	1	39	2	0.0260269
8	1	39	3	0.0260269
8	1	39	4	0.0260269
8	1	39	5	0.0245958
8	1	39	6	0.0260269
8	1	39	7	0.0229249
8	1	39	8	0.0260269
8	1	39	9	0.0260269
8	1	39	10	0.0262376
14	1	17	1	-1.74609
14	1	18	1	-2.28618
14	1	24	1	0.432364
14	1	27	1	-0.0727329
14	1	34	1	541.741
14	1	35	1	0.00334786
14	1	35	2	-0.00828666
14	1	35	3	-0.0147015
14	1	35	4	-0.0147015
14	1	35	5	-0.0087682
14	1	37	1	-5.46201e-05
14	1	38	1	148.754
17	1	18	1	-0.550689
17	1	24	1	-0.0727329
17	1	34	1	-5.46201e-05
17	1	38	1	-2.57631
18	1	24	1	544.714
18	1	27	1	-0.0465857
18	1	34	1	148.754
18	1	35	1	-1.11137
18	1	35	2	-1.10887
18	1	35	3	-1.13065
18	1	35	4	-1.12743
18	1	35	5	-1.10776
18	1	37	1	-2.57631
18	1	38	1	3921.07
18	1	39	1	0.0436513
18	1	39	2	0.0436404
18	1	39	3	0.0436019
18	1	39	4	0.0436513
18	1	39	5	0.00825232
18	1	39	6	0.0436513
18	1	39	7	0.0195394
18	1	39	8	0.0436513
18	1	39	9	0.0436513
18	1	39	10	-0.0388089
24	1	27	1	-1.74609
24	1	34	1	-0.110086
24	1	35	1	-0.181273
24	1	35	2	-0.181273
24	1	35	3	-0.181273
24	1	35	4	-0.181307
24	1	35	5	-0.18128
24	1	37	1	408.717
24	1	38	1	1059.66
24	1	39	1	3.51248
24	1	39	2	3.49665
24	1	39	3	3.49632
24	1	39	4	3.49559
24	1	39	5	3.51475
24	1	39	6	3.51349
24	1	39	7	3.49926
24	1	39	8	3.51335
24	1	39	9	3.53007
24	1	39	10	3.50846
27	1	34	1	408.717
27	1	35	1	-0.0148256
27	1	35	2	-0.0148256
27	1	35	3	-0.0148256
27	1	35	4	-0.0148256
27	1	35	5	-0.0148256
27	1	37	1	3372.26
27	1	38	1	-0.139942
27	1	39	1	2.43925e-05
27	1	39	2	2.43925e-05
27	1	39	3	2.43925e-05
27	1	39	4	2.43925e-05
27	1	39	5	2.43925e-05
27	1	39	6	2.43925e-05
27	1	39	7	2.43925e-05
27	1	39	8	2.43925e-05
27	1	39	9	2.43925e-05
27	1	39	10	2.43925e-05
34	1	35	1	0.407791
34	1	35	2	0.39352
34	1	35	3	0.349484
34	1	35	4	0.342219
34	1	35	5	0.364723
34	1	37	1	-1.74609
34	1	38	1	-2.28618
34	1	39	1	-0.162132
34	1	39	2	-0.162132
34	1	39	3	-0.162132
34	1	39	4	-0.162132
34	1	39	5	-0.162132
34	1	39	6	-0.162132
34	1	39	7	-0.162385
34	1	39	8	-0.162132
34	1	39	9	-0.162132
34	1	39	10	-0.162151
35	1	37	1	0.0152414
35	2	37	1	0.0147253
35	3	37	1	0.0146877
35	4	37	1	0.00736908
35	5	37	1	-0.00280697
35	1	38	1	-1.50734
35	2	38	1	-1.52878
35	3	38	1	-1.5534
35	4	38	1	-1.53036
35	5	38	1	-1.51169
35	1	39	1	-2.65513
35	1	39	2	-2.85469
35	1	39	3	-2.6049
35	1	39	4	-2.63344
35	1	39	5	2272.25
35	1	39	6	-3.68715
35	1	39	7	349.899
35	1	39	8	-3.98199
35	1	39	9	0.827045
35	1	39	10	1458.56
35	2	39	1	-2.03583
35	2	39	2	-2.11568
35	2	39	3	-2.01019
35	2	39	4	-2.01738
35	2	39	5	1744.69
35	2	39	6	-2.24754
35	2	39	7	273.436
35	2	39	8	-2.83675
35	2	39	9	-3.35007
35	2	39	10	992.28
35	3	39	1	-1.99167
35	3	39	2	-2.03917
35	3	39	3	-2
35	3	39	4	-1.99226
35	3	39	5	1063.25
35	3	39	6	-2.04566
35	3	39	7	432.562
35	3	39	8	-2.36084
35	3	39	9	-2.25373
35	3	39	10	657.779
35	4	39	1	-2.03259
35	4	39	2	-2.06107
35	4	39	3	-2.06639
35	4	39	4	-2.02986
35	4	39	5	892.613
35	4	39	6	-2.10423
35	4	39	7	626.267
35	4	39	8	-2.19387
35	4	39	9	-2.24702
35	4	39	10	621.704
35	5	39	1	-2.02774
35	5	39	2	-2.09042
35	5	39	3	-2.09071
35	5	39	4	-2.04374
35	5	39	5	896.542
35	5	39	6	-2.13663
35	5	39	7	736.294
35	5	39	8	-2.17372
35	5	39	9	-2.29431
35	5	39	10	573.239
37	1	38	1	-0.550689
37	1	39	1	0.0307003
37	1	39	2	0.0308984
37	1	39	3	0.0308984
37	1	39	4	0.0306925
37	1	39	5	0.0302045
37	1	39	6	0.0308984
37	1	39	7	0.0118249
37	1	39	8	0.0308984
37	1	39	9	0.0308984
37	1	39	10	0.0293335
38	1	39	1	0.36176
38	1	39	2	0.363852
38	1	39	3	0.318328
38	1	39	4	0.347333
38	1	39	5	-0.0401428
38	1	39	6	0.303139
38	1	39	7	-0.0380806
38	1	39	8	0.3588
38	1	39	9	0.29596
38	1	39	10	-0.117646
[END TWOBODY SEQPOS1/ROTINDEX1/SEQPOS2/ROTINDEX2/ENERGY]
