[BEGIN ONEBODY SEQPOS/ROTINDEX/ENERGY]
1	1	13.6485
1	2	13.9838
1	3	14.5007
1	4	14.484
4	1	116.188
5	1	-0.0341532
5	2	2.30452
5	3	2.74376
5	4	3.29202
5	5	4.14306
5	6	1.37573
6	1	-3.21071
6	2	-1.66294
6	3	-2.07597
6	4	-0.793043
6	5	-3.70915
6	6	-0.437434
6	7	-1.82262
6	8	0.328586
6	9	0.112869
6	10	-1.21061
7	1	34.8916
8	1	7.59562
14	1	118.606
17	1	36.1645
18	1	130.863
24	1	7.52504
27	1	36.182
28	1	130.67
34	1	118.19
35	1	5.14696
35	2	1.60065
35	3	1.87997
35	4	1.72172
35	5	2.23624
36	1	0.723729
36	2	1.69744
36	3	1.57252
36	4	2.58094
36	5	-0.574381
36	6	3.0187
36	7	1.45184
36	8	3.72318
36	9	3.63029
36	10	1.91927
37	1	34.9721
38	1	6.44576
39	1	4.08955
39	2	4.93393
39	3	4.80038
39	4	5.84214
39	5	4.85373
39	6	6.3122
39	7	4.63721
39	8	6.98726
39	9	6.89652
39	10	5.76302
40	1	4.55368
40	2	4.54494
40	3	4.89787
[END ONEBODY SEQPOS/ROTINDEX/ENERGY]
[BEGIN TWOBODY SEQPOS1/ROTINDEX1/SEQPOS2/ROTINDEX2/ENERGY]
1	1	4	1	20.6562
1	2	4	1	14.5637
1	3	4	1	1.04775
1	4	4	1	0.730754
1	1	5	1	-1.92041
1	1	5	2	-1.92187
1	1	5	3	-1.95804
1	1	5	4	-1.98035
1	1	5	5	-1.98677
1	1	5	6	-1.92089
1	2	5	1	-1.92041
1	2	5	2	-1.92187
1	2	5	3	-1.95804
1	2	5	4	-1.98035
1	2	5	5	-1.98677
1	2	5	6	-1.92089
1	3	5	1	-1.92041
1	3	5	2	-1.92187
1	3	5	3	-1.95804
1	3	5	4	-1.98035
1	3	5	5	-1.98677
1	3	5	6	-1.92089
1	4	5	1	-1.92041
1	4	5	2	-1.92187
1	4	5	3	-1.95804
1	4	5	4	-1.98035
1	4	5	5	-1.98677
1	4	5	6	-1.92089
1	1	6	1	-0.170088
1	1	6	2	-0.170088
1	1	6	3	-0.170088
1	1	6	4	-0.170088
1	1	6	5	-0.170088
1	1	6	6	-0.170088
1	1	6	7	-0.170319
1	1	6	8	-0.170088
1	1	6	9	-0.170088
1	1	6	10	-0.170096
1	2	6	1	-0.170088
1	2	6	2	-0.170088
1	2	6	3	-0.170088
1	2	6	4	-0.170088
1	2	6	5	-0.170088
1	2	6	6	-0.170088
1	2	6	7	-0.170319
1	2	6	8	-0.170088
1	2	6	9	-0.170088
1	2	6	10	-0.170096
1	3	6	1	-0.170088
1	3	6	2	-0.170088
1	3	6	3	-0.170088
1	3	6	4	-0.170088
1	3	6	5	-0.170088
1	3	6	6	-0.170088
1	3	6	7	-0.170319
1	3	6	8	-0.170088
1	3	6	9	-0.170088
1	3	6	10	-0.170096
1	4	6	1	-0.170088
1	4	6	2	-0.170088
1	4	6	3	-0.170088
1	4	6	4	-0.170088
1	4	6	5	-0.170088
1	4	6	6	-0.170088
1	4	6	7	-0.170319
1	4	6	8	-0.170088
1	4	6	9	-0.170088
1	4	6	10	-0.170096
1	1	17	1	-0.000473436
1	2	17	1	-0.000473436
1	3	17	1	-0.000473436
1	4	17	1	-0.000473436
1	1	18	1	-0.231959
1	2	18	1	-0.234466
1	3	18	1	-0.233192
1	4	18	1	-0.234496
1	1	24	1	635.814
1	2	24	1	447.906
1	3	24	1	621.058
1	4	24	1	498.254
1	1	28	1	-0.00016343
1	2	28	1	-0.00016343
1	3	28	1	-0.00016343
1	4	28	1	-0.00016343
1	1	37	1	-8.69327e-05
1	2	37	1	-6.05588e-05
1	3	37	1	-0.0386553
1	4	37	1	-0.0118942
1	1	38	1	-0.116863
1	2	38	1	-0.0383849
1	3	38	1	-0.286397
1	4	38	1	-0.244977
1	1	39	1	0.146289
1	1	39	2	0.146226
1	1	39	3	0.132055
1	1	39	4	0.146225
1	1	39	5	0.0794611
1	1	39	6	0.14876
1	1	39	7	0.133453
1	1	39	8	0.146289
1	1	39	9	0.148858
1	1	39	10	0.0786494
1	2	39	1	0.0728913
1	2	39	2	0.0728289
1	2	39	3	0.0586582
1	2	39	4	0.0728277
1	2	39	5	0.00606393
1	2	39	6	0.0772998
1	2	39	7	0.0600288
1	2	39	8	0.0728913
1	2	39	9	0.0788047
1	2	39	10	0.00525216
1	3	39	1	0.0241316
1	3	39	2	0.0240691
1	3	39	3	0.00989844
1	3	39	4	0.024068
1	3	39	5	-0.0426958
1	3	39	6	0.0266033
1	3	39	7	0.0112965
1	3	39	8	0.0241316
1	3	39	9	0.0265465
1	3	39	10	-0.0435076
1	4	39	1	-0.037794
1	4	39	2	-0.0378565
1	4	39	3	-0.0520272
1	4	39	4	-0.0378576
1	4	39	5	-0.104621
1	4	39	6	-0.0354248
1	4	39	7	-0.0506291
1	4	39	8	-0.037794
1	4	39	9	-0.0337045
1	4	39	10	-0.105433
1	1	40	1	-0.0896906
1	1	40	2	-0.0896906
1	1	40	3	-0.0896906
1	2	40	1	-0.281245
1	2	40	2	-0.281245
1	2	40	3	-0.281245
1	3	40	1	-0.194591
1	3	40	2	-0.194591
1	3	40	3	-0.194591
1	4	40	1	-0.174908
1	4	40	2	-0.174908
1	4	40	3	-0.174908
4	1	5	1	0.407791
4	1	5	2	0.39352
4	1	5	3	0.349484
4	1	5	4	0.342219
4	1	5	5	0.364723
4	1	5	6	0.411772
4	1	6	1	0.0317294
4	1	6	2	0.0319453
4	1	6	3	0.0319453
4	1	6	4	0.0317229
4	1	6	5	0.0312782
4	1	6	6	0.0319453
4	1	6	7	0.0132863
4	1	6	8	0.0319453
4	1	6	9	0.0319453
4	1	6	10	0.0304104
4	1	7	1	-1.74609
4	1	8	1	-2.28618
4	1	14	1	-0.110086
4	1	17	1	408.717
4	1	18	1	1059.66
4	1	24	1	541.741
4	1	27	1	-5.46201e-05
4	1	28	1	148.754
4	1	34	1	0.432364
4	1	35	1	-0.0917938
4	1	35	2	-0.110874
4	1	35	3	-0.123597
4	1	35	4	-0.092955
4	1	35	5	-0.0915811
4	1	37	1	-0.0727329
4	1	38	1	544.714
4	1	39	1	-0.050344
4	1	39	2	-0.050344
4	1	39	3	-0.050344
4	1	39	4	-0.050344
4	1	39	5	-0.0509597
4	1	39	6	-0.050344
4	1	39	7	-0.050344
4	1	39	8	-0.050344
4	1	39	9	-0.050344
4	1	39	10	-0.0378134
4	1	40	1	-0.0940242
4	1	40	2	-0.0940242
4	1	40	3	-0.0940242
5	1	6	1	-0.348001
5	1	6	2	-0.825227
5	1	6	3	-0.992679
5	1	6	4	-0.384991
5	1	6	5	18.71
5	1	6	6	-0.388468
5	1	6	7	32.7615
5	1	6	8	-0.48202
5	1	6	9	-0.355065
5	1	6	10	60.1819
5	2	6	1	0.125171
5	2	6	2	0.0125667
5	2	6	3	-0.0336129
5	2	6	4	0.108311
5	2	6	5	-0.953483
5	2	6	6	0.0670815
5	2	6	7	-2.93766
5	2	6	8	0.103443
5	2	6	9	0.0602193
5	2	6	10	1.34634
5	3	6	1	0.291128
5	3	6	2	0.292737
5	3	6	3	0.246442
5	3	6	4	0.276679
5	3	6	5	-0.462597
5	3	6	6	0.23261
5	3	6	7	-0.434732
5	3	6	8	0.288202
5	3	6	9	0.22559
5	3	6	10	-0.705999
5	4	6	1	0.225252
5	4	6	2	0.227177
5	4	6	3	0.179268
5	4	6	4	0.210804
5	4	6	5	-0.344803
5	4	6	6	0.166701
5	4	6	7	-0.203541
5	4	6	8	0.222326
5	4	6	9	0.159711
5	4	6	10	-0.538776
5	5	6	1	0.147886
5	5	6	2	0.150451
5	5	6	3	0.10544
5	5	6	4	0.133695
5	5	6	5	-0.460669
5	5	6	6	0.0916169
5	5	6	7	-0.374958
5	5	6	8	0.144996
5	5	6	9	0.082831
5	5	6	10	-0.623401
5	6	6	1	1.55452
5	6	6	2	1.04135
5	6	6	3	3.15447
5	6	6	4	1.49366
5	6	6	5	20.9701
5	6	6	6	1.47337
5	6	6	7	27.9341
5	6	6	8	1.45316
5	6	6	9	1.55069
5	6	6	10	38.711
5	1	7	1	0.0152414
5	2	7	1	0.0147253
5	3	7	1	0.0146877
5	4	7	1	0.00736908
5	5	7	1	-0.00280697
5	6	7	1	0.00153894
5	1	8	1	-1.50734
5	2	8	1	-1.52878
5	3	8	1	-1.5534
5	4	8	1	-1.53036
5	5	8	1	-1.51169
5	6	8	1	-1.51321
5	1	14	1	-0.181273
5	2	14	1	-0.181273
5	3	14	1	-0.181273
5	4	14	1	-0.181307
5	5	14	1	-0.18128
5	6	14	1	-0.181273
5	1	17	1	-0.0148256
5	2	17	1	-0.0148256
5	3	17	1	-0.0148256
5	4	17	1	-0.0148256
5	5	17	1	-0.0148256
5	6	17	1	-0.0148256
5	1	18	1	1.65705
5	2	18	1	1.63532
5	3	18	1	1.63467
5	4	18	1	1.66378
5	5	18	1	1.67978
5	6	18	1	1.67509
5	1	24	1	0.00334787
5	2	24	1	-0.00828665
5	3	24	1	-0.0147015
5	4	24	1	-0.0147015
5	5	24	1	-0.00876819
5	6	24	1	0.00292546
5	1	28	1	-1.11137
5	2	28	1	-1.10887
5	3	28	1	-1.13065
5	4	28	1	-1.12743
5	5	28	1	-1.10776
5	6	28	1	-1.11045
5	1	34	1	-0.0917938
5	2	34	1	-0.110874
5	3	34	1	-0.123597
5	4	34	1	-0.092955
5	5	34	1	-0.0915811
5	6	34	1	-0.0915811
5	1	35	1	188.719
5	1	35	2	253.575
5	1	35	3	388.175
5	1	35	4	405.556
5	1	35	5	376.202
5	2	35	1	253.575
5	2	35	2	361.881
5	2	35	3	593.393
5	2	35	4	576.753
5	2	35	5	420.689
5	3	35	1	388.175
5	3	35	2	593.393
5	3	35	3	800.079
5	3	35	4	606.52
5	3	35	5	387.216
5	4	35	1	405.556
5	4	35	2	576.753
5	4	35	3	606.52
5	4	35	4	388.505
5	4	35	5	254.996
5	5	35	1	376.202
5	5	35	2	420.689
5	5	35	3	387.216
5	5	35	4	254.996
5	5	35	5	175.624
5	6	35	1	187.042
5	6	35	2	247.957
5	6	35	3	320.644
5	6	35	4	344.167
5	6	35	5	366.737
5	1	36	1	-0.0419252
5	1	36	2	-0.0419252
5	1	36	3	-0.0420382
5	1	36	4	-0.0419252
5	1	36	5	-0.0321764
5	1	36	6	-0.0419475
5	1	36	7	-0.0421972
5	1	36	8	-0.0419252
5	1	36	9	-0.0419283
5	1	36	10	-0.0329752
5	2	36	1	-0.0640403
5	2	36	2	-0.0640403
5	2	36	3	-0.0640859
5	2	36	4	-0.0640403
5	2	36	5	-0.0512058
5	2	36	6	-0.0640403
5	2	36	7	-0.0641337
5	2	36	8	-0.0640403
5	2	36	9	-0.0640403
5	2	36	10	-0.0463908
5	3	36	1	-0.049369
5	3	36	2	-0.049369
5	3	36	3	-0.049369
5	3	36	4	-0.049369
5	3	36	5	-0.0486296
5	3	36	6	-0.049369
5	3	36	7	-0.049369
5	3	36	8	-0.049369
5	3	36	9	-0.049369
5	3	36	10	-0.0434529
5	4	36	1	-0.00277175
5	4	36	2	-0.00277175
5	4	36	3	-0.00277175
5	4	36	4	-0.00277175
5	4	36	5	-0.00277177
5	4	36	6	-0.00277175
5	4	36	7	-0.00277175
5	4	36	8	-0.00277175
5	4	36	9	-0.00277175
5	4	36	10	-0.00278481
5	5	36	1	-0.00207339
5	5	36	2	-0.00207339
5	5	36	3	-0.00207339
5	5	36	4	-0.00207339
5	5	36	5	-0.00207339
5	5	36	6	-0.00207339
5	5	36	7	-0.00238024
5	5	36	8	-0.00207339
5	5	36	9	-0.00207339
5	5	36	10	-0.00207339
5	6	36	1	-0.00778695
5	6	36	2	-0.00778695
5	6	36	3	-0.00781371
5	6	36	4	-0.00778695
5	6	36	5	-0.00513267
5	6	36	6	-0.00778695
5	6	36	7	-0.00787755
5	6	36	8	-0.00778695
5	6	36	9	-0.00778695
5	6	36	10	-0.00667063
5	1	37	1	0.000429531
5	2	37	1	-0.00061425
5	3	37	1	0.00111107
5	4	37	1	0.00111107
5	5	37	1	0.00111107
5	6	37	1	0.00111107
5	1	38	1	124.959
5	2	38	1	124.943
5	3	38	1	124.962
5	4	38	1	124.968
5	5	38	1	124.907
5	6	38	1	124.981
5	1	39	1	3.11854
5	1	39	2	2.42566
5	1	39	3	2.5593
5	1	39	4	3.21612
5	1	39	5	1568.16
5	1	39	6	3.34964
5	1	39	7	1736.64
5	1	39	8	5.28616
5	1	39	9	3.29423
5	1	39	10	1713.95
5	2	39	1	-1.18656
5	2	39	2	-2.76133
5	2	39	3	-1.90141
5	2	39	4	-1.07285
5	2	39	5	1278.1
5	2	39	6	-0.892793
5	2	39	7	1835.9
5	2	39	8	-2.31145
5	2	39	9	-0.946339
5	2	39	10	1433.3
5	3	39	1	-1.70254
5	3	39	2	5.44485
5	3	39	3	-3.51011
5	3	39	4	-1.48932
5	3	39	5	1010.2
5	3	39	6	-1.0618
5	3	39	7	2441.91
5	3	39	8	3.93292
5	3	39	9	-1.05852
5	3	39	10	1080.53
5	4	39	1	0.285827
5	4	39	2	514.227
5	4	39	3	178.86
5	4	39	4	-1.96624
5	4	39	5	1069.89
5	4	39	6	-2.63
5	4	39	7	2699.4
5	4	39	8	364.011
5	4	39	9	-3.24672
5	4	39	10	1121.68
5	5	39	1	248.304
5	5	39	2	919.71
5	5	39	3	549.729
5	5	39	4	169.909
5	5	39	5	1514.57
5	5	39	6	14.2257
5	5	39	7	2627.51
5	5	39	8	1057.07
5	5	39	9	-1.98023
5	5	39	10	1525.51
5	6	39	1	7.50299
5	6	39	2	9.40653
5	6	39	3	7.05359
5	6	39	4	7.56006
5	6	39	5	1686.85
5	6	39	6	7.69853
5	6	39	7	1725.05
5	6	39	8	17.6577
5	6	39	9	7.68096
5	6	39	10	1753.67
5	1	40	1	0.00480204
5	1	40	2	0.00480204
5	1	40	3	0.00480204
5	2	40	1	0.00101872
5	2	40	2	0.00101872
5	2	40	3	0.00101872
5	3	40	1	-0.000928406
5	3	40	2	-0.000928406
5	3	40	3	-0.000928406
5	4	40	1	-0.000928406
5	4	40	2	-0.000928406
5	4	40	3	-0.000928406
5	5	40	1	-0.00465818
5	5	40	2	-0.00465818
5	5	40	3	-0.00465818
5	6	40	1	-0.00352436
5	6	40	2	-0.00352436
5	6	40	3	-0.00352436
6	1	7	1	32.3552
6	2	7	1	-0.699476
6	3	7	1	-0.509792
6	4	7	1	-2.91485
6	5	7	1	-0.00975624
6	6	7	1	-0.439403
6	7	7	1	-0.00792283
6	8	7	1	-0.64819
6	9	7	1	-0.197751
6	10	7	1	-0.00662458
6	1	8	1	0.0324161
6	2	8	1	0.0317581
6	3	8	1	0.0317581
6	4	8	1	0.0317581
6	5	8	1	0.0307182
6	6	8	1	0.0317258
6	7	8	1	0.0307182
6	8	8	1	0.0297459
6	9	8	1	0.0247941
6	10	8	1	0.0307181
6	1	14	1	-0.129721
6	2	14	1	-0.129519
6	3	14	1	-0.129519
6	4	14	1	-0.129519
6	5	14	1	-0.129519
6	6	14	1	-0.129526
6	7	14	1	-0.129519
6	8	14	1	-0.129715
6	9	14	1	-0.121461
6	10	14	1	-0.129519
6	1	17	1	73.35
6	2	17	1	-2.0719
6	3	17	1	-2.03841
6	4	17	1	191.35
6	5	17	1	-1.39003
6	6	17	1	-3.40355
6	7	17	1	-1.16659
6	8	17	1	-1.99692
6	9	17	1	-2.23262
6	10	17	1	-1.26434
6	1	18	1	0.00578117
6	2	18	1	0.00578117
6	3	18	1	0.00578117
6	4	18	1	0.00578117
6	5	18	1	0.00578117
6	6	18	1	0.00578117
6	7	18	1	0.00578117
6	8	18	1	0.00578117
6	9	18	1	0.00578117
6	10	18	1	0.00578117
6	1	28	1	-0.27266
6	2	28	1	-0.27266
6	3	28	1	-0.27266
6	4	28	1	-0.27266
6	5	28	1	-0.272669
6	6	28	1	-0.27266
6	7	28	1	-0.272669
6	8	28	1	-0.27266
6	9	28	1	-0.27266
6	10	28	1	-0.272669
6	1	35	1	-0.0419252
6	1	35	2	-0.0640403
6	1	35	3	-0.049369
6	1	35	4	-0.00277175
6	1	35	5	-0.00207339
6	2	35	1	-0.0419252
6	2	35	2	-0.0640403
6	2	35	3	-0.049369
6	2	35	4	-0.00277175
6	2	35	5	-0.00207339
6	3	35	1	-0.0420382
6	3	35	2	-0.0640859
6	3	35	3	-0.049369
6	3	35	4	-0.00277175
6	3	35	5	-0.00207339
6	4	35	1	-0.0419252
6	4	35	2	-0.0640403
6	4	35	3	-0.049369
6	4	35	4	-0.00277175
6	4	35	5	-0.00207339
6	5	35	1	-0.0321764
6	5	35	2	-0.0512058
6	5	35	3	-0.0486296
6	5	35	4	-0.00277177
6	5	35	5	-0.00207339
6	6	35	1	-0.0419475
6	6	35	2	-0.0640403
6	6	35	3	-0.049369
6	6	35	4	-0.00277175
6	6	35	5	-0.00207339
6	7	35	1	-0.0421972
6	7	35	2	-0.0641337
6	7	35	3	-0.049369
6	7	35	4	-0.00277175
6	7	35	5	-0.00238024
6	8	35	1	-0.0419252
6	8	35	2	-0.0640403
6	8	35	3	-0.049369
6	8	35	4	-0.00277175
6	8	35	5	-0.00207339
6	9	35	1	-0.0419283
6	9	35	2	-0.0640403
6	9	35	3	-0.049369
6	9	35	4	-0.00277175
6	9	35	5	-0.00207339
6	10	35	1	-0.0329752
6	10	35	2	-0.0463908
6	10	35	3	-0.0434529
6	10	35	4	-0.00278481
6	10	35	5	-0.00207339
6	1	38	1	-0.106848
6	2	38	1	-0.106848
6	3	38	1	-0.106848
6	4	38	1	-0.106848
6	5	38	1	-0.10685
6	6	38	1	-0.106848
6	7	38	1	-0.10685
6	8	38	1	-0.106848
6	9	38	1	-0.106848
6	10	38	1	-0.1069
6	1	39	1	0
6	1	39	2	0
6	1	39	3	0
6	1	39	4	0
6	1	39	5	-0.0420589
6	1	39	6	0
6	1	39	7	0.000961802
6	1	39	8	0
6	1	39	9	0
6	1	39	10	-0.0999784
6	2	39	1	0
6	2	39	2	0
6	2	39	3	0
6	2	39	4	0
6	2	39	5	-0.0420589
6	2	39	6	0
6	2	39	7	0.000849778
6	2	39	8	0
6	2	39	9	0
6	2	39	10	-0.0999784
6	3	39	1	0
6	3	39	2	0
6	3	39	3	0
6	3	39	4	0
6	3	39	5	-0.0420592
6	3	39	6	0
6	3	39	7	0.000764003
6	3	39	8	0
6	3	39	9	0
6	3	39	10	-0.0999803
6	4	39	1	0
6	4	39	2	0
6	4	39	3	0
6	4	39	4	0
6	4	39	5	-0.0420589
6	4	39	6	0
6	4	39	7	0.000961802
6	4	39	8	0
6	4	39	9	0
6	4	39	10	-0.0999784
6	5	39	1	0
6	5	39	2	0
6	5	39	3	0
6	5	39	4	0
6	5	39	5	-0.0227746
6	5	39	6	0
6	5	39	7	-0.0414468
6	5	39	8	0
6	5	39	9	0
6	5	39	10	-0.080438
6	6	39	1	0
6	6	39	2	0
6	6	39	3	0
6	6	39	4	0
6	6	39	5	-0.0420589
6	6	39	6	0
6	6	39	7	0.000961802
6	6	39	8	0
6	6	39	9	0
6	6	39	10	-0.0999784
6	7	39	1	0
6	7	39	2	0
6	7	39	3	0
6	7	39	4	0
6	7	39	5	-0.042059
6	7	39	6	0
6	7	39	7	-0.0533414
6	7	39	8	0
6	7	39	9	0
6	7	39	10	-0.0999786
6	8	39	1	0
6	8	39	2	0
6	8	39	3	0
6	8	39	4	0
6	8	39	5	-0.0420589
6	8	39	6	0
6	8	39	7	0.000961802
6	8	39	8	0
6	8	39	9	0
6	8	39	10	-0.0999784
6	9	39	1	0
6	9	39	2	0
6	9	39	3	0
6	9	39	4	0
6	9	39	5	-0.0420589
6	9	39	6	0
6	9	39	7	0.000961802
6	9	39	8	0
6	9	39	9	0
6	9	39	10	-0.0999784
6	10	39	1	0
6	10	39	2	0
6	10	39	3	0
6	10	39	4	0
6	10	39	5	-0.00980237
6	10	39	6	0
6	10	39	7	-0.0882548
6	10	39	8	0
6	10	39	9	0
6	10	39	10	-0.0681586
7	1	8	1	-0.550689
7	1	14	1	408.717
7	1	17	1	3372.26
7	1	18	1	-0.139942
7	1	24	1	-5.46201e-05
7	1	28	1	-2.57631
7	1	34	1	-0.0727329
7	1	35	1	0.000429532
7	1	35	2	-0.00061425
7	1	35	3	0.00111107
7	1	35	4	0.00111107
7	1	35	5	0.00111107
7	1	38	1	-0.0465853
8	1	14	1	1059.66
8	1	17	1	-0.139942
8	1	18	1	2557.22
8	1	24	1	148.754
8	1	27	1	-2.57631
8	1	28	1	3921.07
8	1	34	1	544.714
8	1	35	1	124.959
8	1	35	2	124.943
8	1	35	3	124.962
8	1	35	4	124.967
8	1	35	5	124.907
8	1	36	1	-0.106848
8	1	36	2	-0.106848
8	1	36	3	-0.106848
8	1	36	4	-0.106848
8	1	36	5	-0.10685
8	1	36	6	-0.106848
8	1	36	7	-0.10685
8	1	36	8	-0.106848
8	1	36	9	-0.106848
8	1	36	10	-0.1069
8	1	37	1	-0.0465857
8	1	38	1	382.123
8	1	39	1	0.0110618
8	1	39	2	0.0110618
8	1	39	3	0.0110618
8	1	39	4	0.0110618
8	1	39	5	0.00718572
8	1	39	6	0.0110618
8	1	39	7	0.00579475
8	1	39	8	0.0110618
8	1	39	9	0.0110618
8	1	39	10	0.0129609
8	1	40	1	0.00457954
8	1	40	2	0.00457954
8	1	40	3	0.00457954
14	1	17	1	-1.74609
14	1	18	1	-2.28618
14	1	24	1	0.432364
14	1	27	1	-0.0727329
14	1	28	1	544.714
14	1	34	1	541.741
14	1	35	1	0.00334786
14	1	35	2	-0.00828666
14	1	35	3	-0.0147015
14	1	35	4	-0.0147015
14	1	35	5	-0.0087682
14	1	37	1	-5.46201e-05
14	1	38	1	148.754
17	1	18	1	-0.550689
17	1	24	1	-0.0727329
17	1	28	1	-0.0465853
17	1	34	1	-5.46201e-05
17	1	38	1	-2.57631
18	1	24	1	544.714
18	1	27	1	-0.0465857
18	1	28	1	382.123
18	1	34	1	148.754
18	1	35	1	-1.11137
18	1	35	2	-1.10887
18	1	35	3	-1.13065
18	1	35	4	-1.12743
18	1	35	5	-1.10776
18	1	36	1	-0.27266
18	1	36	2	-0.27266
18	1	36	3	-0.27266
18	1	36	4	-0.27266
18	1	36	5	-0.272669
18	1	36	6	-0.27266
18	1	36	7	-0.272669
18	1	36	8	-0.27266
18	1	36	9	-0.27266
18	1	36	10	-0.272669
18	1	37	1	-2.57631
18	1	38	1	3921.07
18	1	39	1	0.0436513
18	1	39	2	0.0436404
18	1	39	3	0.0436019
18	1	39	4	0.0436513
18	1	39	5	0.00825232
18	1	39	6	0.0436513
18	1	39	7	0.0195394
18	1	39	8	0.0436513
18	1	39	9	0.0436513
18	1	39	10	-0.0388089
18	1	40	1	0.00923171
18	1	40	2	0.00923171
18	1	40	3	0.00923171
24	1	27	1	-1.74609
24	1	28	1	-2.28618
24	1	34	1	-0.110086
24	1	35	1	-0.181273
24	1	35	2	-0.181273
24	1	35	3	-0.181273
24	1	35	4	-0.181307
24	1	35	5	-0.18128
24	1	36	1	-0.129721
24	1	36	2	-0.129519
24	1	36	3	-0.129519
24	1	36	4	-0.129519
24	1	36	5	-0.129519
24	1	36	6	-0.129526
24	1	36	7	-0.129519
24	1	36	8	-0.129715
24	1	36	9	-0.121461
24	1	36	10	-0.129519
24	1	37	1	408.717
24	1	38	1	1059.66
24	1	39	1	3.51248
24	1	39	2	3.49665
24	1	39	3	3.49632
24	1	39	4	3.49559
24	1	39	5	3.51475
24	1	39	6	3.51349
24	1	39	7	3.49926
24	1	39	8	3.51335
24	1	39	9	3.53007
24	1	39	10	3.50846
24	1	40	1	49.8135
24	1	40	2	49.8232
24	1	40	3	49.8404
27	1	28	1	-0.550689
27	1	34	1	408.717
27	1	35	1	-0.0148256
27	1	35	2	-0.0148256
27	1	35	3	-0.0148256
27	1	35	4	-0.0148256
27	1	35	5	-0.0148256
27	1	36	1	73.35
27	1	36	2	-2.0719
27	1	36	3	-2.03841
27	1	36	4	191.35
27	1	36	5	-1.39003
27	1	36	6	-3.40355
27	1	36	7	-1.16659
27	1	36	8	-1.99692
27	1	36	9	-2.23262
27	1	36	10	-1.26434
27	1	37	1	3372.26
27	1	38	1	-0.139942
27	1	39	1	2.43925e-05
27	1	39	2	2.43925e-05
27	1	39	3	2.43925e-05
27	1	39	4	2.43925e-05
27	1	39	5	2.43925e-05
27	1	39	6	2.43925e-05
27	1	39	7	2.43925e-05
27	1	39	8	2.43925e-05
27	1	39	9	2.43925e-05
27	1	39	10	2.43925e-05
27	1	40	1	10.0577
27	1	40	2	-0.18496
27	1	40	3	-0.688741
28	1	34	1	1059.66
28	1	35	1	1.65705
28	1	35	2	1.63532
28	1	35	3	1.63467
28	1	35	4	1.66378
28	1	35	5	1.67978
28	1	36	1	0.00578117
28	1	36	2	0.00578117
28	1	36	3	0.00578117
28	1	36	4	0.00578117
28	1	36	5	0.00578117
28	1	36	6	0.00578117
28	1	36	7	0.00578117
28	1	36	8	0.00578117
28	1	36	9	0.00578117
28	1	36	10	0.00578117
28	1	37	1	-0.139942
28	1	38	1	2557.22
28	1	39	1	4.90553e-05
28	1	39	2	4.90553e-05
28	1	39	3	4.90553e-05
28	1	39	4	4.90553e-05
28	1	39	5	4.90553e-05
28	1	39	6	4.90553e-05
28	1	39	7	4.86206e-05
28	1	39	8	4.90553e-05
28	1	39	9	4.90553e-05
28	1	39	10	-0.000156885
34	1	35	1	0.407791
34	1	35	2	0.39352
34	1	35	3	0.349484
34	1	35	4	0.342219
34	1	35	5	0.364723
34	1	36	1	0.0317294
34	1	36	2	0.0319453
34	1	36	3	0.0319453
34	1	36	4	0.0317229
34	1	36	5	0.0312782
34	1	36	6	0.0319453
34	1	36	7	0.0132863
34	1	36	8	0.0319453
34	1	36	9	0.0319453
34	1	36	10	0.0304104
34	1	37	1	-1.74609
34	1	38	1	-2.28618
34	1	39	1	-0.162132
34	1	39	2	-0.162132
34	1	39	3	-0.162132
34	1	39	4	-0.162132
34	1	39	5	-0.162132
34	1	39	6	-0.162132
34	1	39	7	-0.162385
34	1	39	8	-0.162132
34	1	39	9	-0.162132
34	1	39	10	-0.162151
35	1	36	1	-0.348001
35	1	36	2	-0.825227
35	1	36	3	-0.992679
35	1	36	4	-0.384991
35	1	36	5	18.71
35	1	36	6	-0.388468
35	1	36	7	32.7615
35	1	36	8	-0.48202
35	1	36	9	-0.355065
35	1	36	10	60.1819
35	2	36	1	0.125171
35	2	36	2	0.0125667
35	2	36	3	-0.0336129
35	2	36	4	0.108311
35	2	36	5	-0.953483
35	2	36	6	0.0670815
35	2	36	7	-2.93766
35	2	36	8	0.103443
35	2	36	9	0.0602193
35	2	36	10	1.34634
35	3	36	1	0.291128
35	3	36	2	0.292737
35	3	36	3	0.246442
35	3	36	4	0.276679
35	3	36	5	-0.462597
35	3	36	6	0.23261
35	3	36	7	-0.434732
35	3	36	8	0.288202
35	3	36	9	0.22559
35	3	36	10	-0.705999
35	4	36	1	0.225252
35	4	36	2	0.227177
35	4	36	3	0.179268
35	4	36	4	0.210804
35	4	36	5	-0.344803
35	4	36	6	0.166701
35	4	36	7	-0.203541
35	4	36	8	0.222326
35	4	36	9	0.159711
35	4	36	10	-0.538776
35	5	36	1	0.147886
35	5	36	2	0.150451
35	5	36	3	0.10544
35	5	36	4	0.133695
35	5	36	5	-0.460669
35	5	36	6	0.0916169
35	5	36	7	-0.374958
35	5	36	8	0.144996
35	5	36	9	0.082831
35	5	36	10	-0.623401
35	1	37	1	0.0152414
35	2	37	1	0.0147253
35	3	37	1	0.0146877
35	4	37	1	0.00736908
35	5	37	1	-0.00280697
35	1	38	1	-1.50734
35	2	38	1	-1.52878
35	3	38	1	-1.5534
35	4	38	1	-1.53036
35	5	38	1	-1.51169
35	1	39	1	-2.65513
35	1	39	2	-2.85469
35	1	39	3	-2.6049
35	1	39	4	-2.63344
35	1	39	5	2272.25
35	1	39	6	-3.68715
35	1	39	7	349.899
35	1	39	8	-3.98199
35	1	39	9	0.827045
35	1	39	10	1458.56
35	2	39	1	-2.03583
35	2	39	2	-2.11568
35	2	39	3	-2.01019
35	2	39	4	-2.01738
35	2	39	5	1744.69
35	2	39	6	-2.24754
35	2	39	7	273.436
35	2	39	8	-2.83675
35	2	39	9	-3.35007
35	2	39	10	992.28
35	3	39	1	-1.99167
35	3	39	2	-2.03917
35	3	39	3	-2
35	3	39	4	-1.99226
35	3	39	5	1063.25
35	3	39	6	-2.04566
35	3	39	7	432.562
35	3	39	8	-2.36084
35	3	39	9	-2.25373
35	3	39	10	657.779
35	4	39	1	-2.03259
35	4	39	2	-2.06107
35	4	39	3	-2.06639
35	4	39	4	-2.02986
35	4	39	5	892.613
35	4	39	6	-2.10423
35	4	39	7	626.267
35	4	39	8	-2.19387
35	4	39	9	-2.24702
35	4	39	10	621.704
35	5	39	1	-2.02774
35	5	39	2	-2.09042
35	5	39	3	-2.09071
35	5	39	4	-2.04374
35	5	39	5	896.542
35	5	39	6	-2.13663
35	5	39	7	736.294
35	5	39	8	-2.17372
35	5	39	9	-2.29431
35	5	39	10	573.239
35	1	40	1	-0.175402
35	1	40	2	-0.175894
35	1	40	3	-0.175452
35	2	40	1	-0.175402
35	2	40	2	-0.175894
35	2	40	3	-0.175443
35	3	40	1	-0.175402
35	3	40	2	-0.175894
35	3	40	3	-0.175443
35	4	40	1	-0.175417
35	4	40	2	-0.175909
35	4	40	3	-0.175458
35	5	40	1	-0.175021
35	5	40	2	-0.175513
35	5	40	3	-0.175063
36	1	37	1	32.3552
36	2	37	1	-0.699476
36	3	37	1	-0.509792
36	4	37	1	-2.91485
36	5	37	1	-0.00975624
36	6	37	1	-0.439403
36	7	37	1	-0.00792283
36	8	37	1	-0.64819
36	9	37	1	-0.197751
36	10	37	1	-0.00662458
36	1	38	1	0.0324161
36	2	38	1	0.0317581
36	3	38	1	0.0317581
36	4	38	1	0.0317581
36	5	38	1	0.0307182
36	6	38	1	0.0317258
36	7	38	1	0.0307182
36	8	38	1	0.0297459
36	9	38	1	0.0247941
36	10	38	1	0.0307181
36	1	39	1	-1.31043
36	1	39	2	-1.21087
36	1	39	3	-1.20707
36	1	39	4	-1.5226
36	1	39	5	-1.9359
36	1	39	6	-1.41365
36	1	39	7	-1.62478
36	1	39	8	-1.20082
36	1	39	9	-1.19319
36	1	39	10	-1.4439
36	2	39	1	-1.93996
36	2	39	2	-1.30841
36	2	39	3	-1.37769
36	2	39	4	-3.1376
36	2	39	5	-2.50916
36	2	39	6	-2.51006
36	2	39	7	-1.67515
36	2	39	8	-1.22725
36	2	39	9	-1.74957
36	2	39	10	-1.73082
36	3	39	1	-3.46345
36	3	39	2	-1.8961
36	3	39	3	-1.98969
36	3	39	4	15.1887
36	3	39	5	-2.3548
36	3	39	6	45.0099
36	3	39	7	-1.93247
36	3	39	8	-1.68925
36	3	39	9	-2.70179
36	3	39	10	-2.25152
36	4	39	1	-1.41961
36	4	39	2	-1.23556
36	4	39	3	-1.23852
36	4	39	4	-1.63879
36	4	39	5	-2.00051
36	4	39	6	-1.53056
36	4	39	7	-1.64379
36	4	39	8	-1.22558
36	4	39	9	-1.24924
36	4	39	10	-1.48203
36	5	39	1	-1.20867
36	5	39	2	-1.18905
36	5	39	3	-1.17888
36	5	39	4	-1.21777
36	5	39	5	-2.32175
36	5	39	6	-1.30659
36	5	39	7	-1.74559
36	5	39	8	-1.18453
36	5	39	9	-1.2144
36	5	39	10	-1.69036
36	6	39	1	-1.53441
36	6	39	2	-1.27211
36	6	39	3	-1.27784
36	6	39	4	-1.62824
36	6	39	5	-2.00762
36	6	39	6	-1.56603
36	6	39	7	-1.6681
36	6	39	8	-1.25157
36	6	39	9	-1.28391
36	6	39	10	-1.50073
36	7	39	1	-1.51013
36	7	39	2	-1.39915
36	7	39	3	-1.46313
36	7	39	4	-2.11415
36	7	39	5	2.36269
36	7	39	6	9.49605
36	7	39	7	-2.07517
36	7	39	8	-1.33994
36	7	39	9	-2.05515
36	7	39	10	-3.11346
36	8	39	1	-1.31459
36	8	39	2	-1.20933
36	8	39	3	-1.20615
36	8	39	4	-1.76998
36	8	39	5	-1.99224
36	8	39	6	-1.6117
36	8	39	7	-1.62898
36	8	39	8	-1.20209
36	8	39	9	-1.19027
36	8	39	10	-1.4467
36	9	39	1	-1.45876
36	9	39	2	-1.23898
36	9	39	3	-1.24448
36	9	39	4	-1.61835
36	9	39	5	-1.92304
36	9	39	6	-1.42974
36	9	39	7	-1.64381
36	9	39	8	-1.22149
36	9	39	9	-1.21586
36	9	39	10	-1.45941
36	10	39	1	-1.20498
36	10	39	2	-1.1853
36	10	39	3	-1.1762
36	10	39	4	-1.21298
36	10	39	5	-2.65718
36	10	39	6	-1.24264
36	10	39	7	-1.72461
36	10	39	8	-1.18098
36	10	39	9	-1.17993
36	10	39	10	-1.58655
36	1	40	1	2293.55
36	1	40	2	358.935
36	1	40	3	1642.74
36	2	40	1	917.915
36	2	40	2	488.706
36	2	40	3	496.246
36	3	40	1	952.347
36	3	40	2	619.393
36	3	40	3	565.686
36	4	40	1	1774.19
36	4	40	2	290.284
36	4	40	3	1166.69
36	5	40	1	-3.03592
36	5	40	2	-0.315842
36	5	40	3	-2.08532
36	6	40	1	1114.25
36	6	40	2	472.531
36	6	40	3	786.367
36	7	40	1	-3.15137
36	7	40	2	-0.513532
36	7	40	3	-2.2257
36	8	40	1	939.297
36	8	40	2	556.362
36	8	40	3	537.615
36	9	40	1	949.996
36	9	40	2	667.985
36	9	40	3	730.803
36	10	40	1	-3.35637
36	10	40	2	-0.327576
36	10	40	3	-2.18509
37	1	38	1	-0.550689
37	1	39	1	0.0307003
37	1	39	2	0.0308984
37	1	39	3	0.0308984
37	1	39	4	0.0306925
37	1	39	5	0.0302045
37	1	39	6	0.0308984
37	1	39	7	0.0118249
37	1	39	8	0.0308984
37	1	39	9	0.0308984
37	1	39	10	0.0293335
37	1	40	1	4.62656
37	1	40	2	-0.549922
37	1	40	3	-1.67824
38	1	39	1	0.36176
38	1	39	2	0.363852
38	1	39	3	0.318328
38	1	39	4	0.347333
38	1	39	5	-0.0401428
38	1	39	6	0.303139
38	1	39	7	-0.0380806
38	1	39	8	0.3588
38	1	39	9	0.29596
38	1	39	10	-0.117646
38	1	40	1	1.01505
38	1	40	2	0.9927
38	1	40	3	1.01368
39	1	40	1	31.9534
39	1	40	2	42.4614
39	1	40	3	60.6127
39	2	40	1	-0.819042
39	2	40	2	-1.073
39	2	40	3	-0.608392
39	3	40	1	-0.781
39	3	40	2	-0.887375
39	3	40	3	-0.852567
39	4	40	1	-0.996269
39	4	40	2	-2.81741
39	4	40	3	1.42662
39	5	40	1	-0.35301
39	5	40	2	-0.339185
39	5	40	3	-0.408347
39	6	40	1	-0.86008
39	6	40	2	-0.886476
39	6	40	3	-1.04228
39	7	40	1	-0.353515
39	7	40	2	-0.336748
39	7	40	3	-0.420382
39	8	40	1	-0.829114
39	8	40	2	-0.98788
39	8	40	3	-0.803264
39	9	40	1	-0.717707
39	9	40	2	-0.536257
39	9	40	3	-0.8791
39	10	40	1	-0.349515
39	10	40	2	-0.335301
39	10	40	3	-0.400677
[END TWOBODY SEQPOS1/ROTINDEX1/SEQPOS2/ROTINDEX2/ENERGY]
