[BEGIN ONEBODY SEQPOS/ROTINDEX/ENERGY]
1	1	12.3324
1	2	10.6427
1	3	9.45204
1	4	11.0993
1	5	12.8445
1	6	10.3944
1	7	11.4875
1	8	12.584
1	9	11.5321
1	10	13.2569
1	11	13.1879
1	12	11.1957
4	1	4.9996
5	1	-0.383136
5	2	0.39532
5	3	0.513227
5	4	0.774973
5	5	1.69693
5	6	1.94832
5	7	0.941458
7	1	34.3275
8	1	3.24936
17	1	10.7426
18	1	184.747
24	1	2.49952
27	1	12.4047
34	1	327.196
35	1	-1.22958
35	2	-0.485874
35	3	0.37105
35	4	2.37232
35	5	0.8179
35	6	3.36591
35	7	0.46035
37	1	11.9472
38	1	3.31283
39	1	-0.437582
39	2	1.43816
39	3	1.12585
39	4	0.789289
39	5	1.40433
39	6	2.28132
39	7	2.41315
39	8	2.72009
[END ONEBODY SEQPOS/ROTINDEX/ENERGY]
[BEGIN TWOBODY SEQPOS1/ROTINDEX1/SEQPOS2/ROTINDEX2/ENERGY]
1	1	4	1	-1.10042
1	2	4	1	-1.14451
1	3	4	1	-1.10041
1	4	4	1	-1.15044
1	5	4	1	-1.10041
1	6	4	1	-1.1004
1	7	4	1	-1.1232
1	8	4	1	-1.17054
1	9	4	1	-1.1004
1	10	4	1	-1.18307
1	11	4	1	-1.13099
1	12	4	1	-1.1004
1	1	5	1	-2.00931
1	1	5	2	-2.02717
1	1	5	3	-2.01677
1	1	5	4	-2.04304
1	1	5	5	-2.06171
1	1	5	6	-2.06885
1	1	5	7	-2.00912
1	2	5	1	-2.00796
1	2	5	2	-2.02582
1	2	5	3	-2.01542
1	2	5	4	-2.04169
1	2	5	5	-2.06036
1	2	5	6	-2.0675
1	2	5	7	-2.00777
1	3	5	1	-2.0093
1	3	5	2	-2.02716
1	3	5	3	-2.01676
1	3	5	4	-2.04304
1	3	5	5	-2.0617
1	3	5	6	-2.06884
1	3	5	7	-2.00911
1	4	5	1	-2.00796
1	4	5	2	-2.02582
1	4	5	3	-2.01542
1	4	5	4	-2.04169
1	4	5	5	-2.06036
1	4	5	6	-2.0675
1	4	5	7	-2.00777
1	5	5	1	-2.01008
1	5	5	2	-2.02793
1	5	5	3	-2.01754
1	5	5	4	-2.04381
1	5	5	5	-2.06247
1	5	5	6	-2.06961
1	5	5	7	-2.00989
1	6	5	1	-2.00933
1	6	5	2	-2.02719
1	6	5	3	-2.01679
1	6	5	4	-2.04307
1	6	5	5	-2.06173
1	6	5	6	-2.06887
1	6	5	7	-2.00914
1	7	5	1	-2.00796
1	7	5	2	-2.02582
1	7	5	3	-2.01542
1	7	5	4	-2.04169
1	7	5	5	-2.06036
1	7	5	6	-2.0675
1	7	5	7	-2.00777
1	8	5	1	-2.12979
1	8	5	2	-2.14823
1	8	5	3	-2.13934
1	8	5	4	-2.20212
1	8	5	5	-2.20004
1	8	5	6	-2.25562
1	8	5	7	-2.1271
1	9	5	1	-2.01064
1	9	5	2	-2.0285
1	9	5	3	-2.01811
1	9	5	4	-2.04438
1	9	5	5	-2.06304
1	9	5	6	-2.07018
1	9	5	7	-2.01045
1	10	5	1	-2.04801
1	10	5	2	-2.06587
1	10	5	3	-2.05547
1	10	5	4	-2.07321
1	10	5	5	-2.08854
1	10	5	6	-2.0872
1	10	5	7	-2.04782
1	11	5	1	-2.16533
1	11	5	2	-2.18292
1	11	5	3	-2.1718
1	11	5	4	-2.23004
1	11	5	5	-2.25182
1	11	5	6	-2.28804
1	11	5	7	-2.16256
1	12	5	1	-2.00379
1	12	5	2	-2.02165
1	12	5	3	-2.01125
1	12	5	4	-2.03753
1	12	5	5	-2.05047
1	12	5	6	-2.06326
1	12	5	7	-2.0036
1	1	8	1	-9.64199e-07
1	2	8	1	-9.64199e-07
1	3	8	1	-9.64199e-07
1	4	8	1	-9.64199e-07
1	5	8	1	-9.64199e-07
1	6	8	1	-9.64199e-07
1	7	8	1	-9.64199e-07
1	8	8	1	-9.64199e-07
1	9	8	1	-9.64199e-07
1	10	8	1	-9.64199e-07
1	11	8	1	-9.64199e-07
1	12	8	1	-9.64199e-07
1	1	17	1	-0.000454572
1	2	17	1	-0.000454572
1	3	17	1	-0.000454572
1	4	17	1	-0.000454572
1	5	17	1	-0.000454572
1	6	17	1	-0.000454572
1	7	17	1	-0.000454572
1	8	17	1	-0.000454572
1	9	17	1	-0.000454572
1	10	17	1	-0.000454572
1	11	17	1	-0.000454572
1	12	17	1	-0.000454572
1	1	18	1	-0.000326101
1	2	18	1	-0.000326101
1	3	18	1	-0.000326101
1	4	18	1	-0.000326101
1	5	18	1	-0.000326101
1	6	18	1	-0.000326101
1	7	18	1	-0.000326101
1	8	18	1	-0.000326101
1	9	18	1	-0.000326101
1	10	18	1	-0.000326101
1	11	18	1	-0.000326101
1	12	18	1	-0.000326101
1	1	24	1	-0.0118957
1	2	24	1	-0.0380989
1	3	24	1	-0.0118957
1	4	24	1	-0.0375935
1	5	24	1	-0.0118957
1	6	24	1	-0.0118957
1	7	24	1	-0.0177221
1	8	24	1	-0.0150209
1	9	24	1	-0.0118957
1	10	24	1	-0.0456784
1	11	24	1	-0.0123997
1	12	24	1	-0.0118957
1	1	37	1	-6.05588e-05
1	2	37	1	-6.05588e-05
1	3	37	1	-6.05588e-05
1	4	37	1	0.000535739
1	5	37	1	-6.05588e-05
1	6	37	1	-6.05588e-05
1	7	37	1	0.00151028
1	8	37	1	0.0126245
1	9	37	1	-6.05588e-05
1	10	37	1	0.212425
1	11	37	1	-0.0169778
1	12	37	1	-6.05588e-05
1	1	38	1	-0.0585529
1	2	38	1	0.0539275
1	3	38	1	-0.060925
1	4	38	1	0.202251
1	5	38	1	-0.0541093
1	6	38	1	-0.120146
1	7	38	1	0.268658
1	8	38	1	8.9249
1	9	38	1	-0.0434733
1	10	38	1	4.1147
1	11	38	1	1.48587
1	12	38	1	-0.15593
1	1	39	1	0.148252
1	1	39	2	0.141889
1	1	39	3	0.143308
1	1	39	4	0.149414
1	1	39	5	0.141889
1	1	39	6	0.141855
1	1	39	7	0.14188
1	1	39	8	0.141889
1	2	39	1	0.150793
1	2	39	2	0.144429
1	2	39	3	0.145848
1	2	39	4	0.151954
1	2	39	5	0.144429
1	2	39	6	0.144319
1	2	39	7	0.144412
1	2	39	8	0.144429
1	3	39	1	0.0449495
1	3	39	2	0.0385862
1	3	39	3	0.040005
1	3	39	4	0.0461111
1	3	39	5	0.0385862
1	3	39	6	0.0385518
1	3	39	7	0.0385774
1	3	39	8	0.0385862
1	4	39	1	0.175359
1	4	39	2	0.168996
1	4	39	3	0.170414
1	4	39	4	0.176521
1	4	39	5	0.168996
1	4	39	6	0.168885
1	4	39	7	0.168978
1	4	39	8	0.168996
1	5	39	1	0.154357
1	5	39	2	0.147994
1	5	39	3	0.149412
1	5	39	4	0.155518
1	5	39	5	0.147994
1	5	39	6	0.147959
1	5	39	7	0.147985
1	5	39	8	0.147994
1	6	39	1	0.0593884
1	6	39	2	0.0530166
1	6	39	3	0.0544439
1	6	39	4	0.06055
1	6	39	5	0.0530251
1	6	39	6	0.0509766
1	6	39	7	0.0536468
1	6	39	8	0.0530251
1	7	39	1	0.284074
1	7	39	2	0.277711
1	7	39	3	0.27913
1	7	39	4	0.285236
1	7	39	5	0.277711
1	7	39	6	0.277601
1	7	39	7	0.277694
1	7	39	8	0.277711
1	8	39	1	-0.781559
1	8	39	2	-0.83549
1	8	39	3	-0.823571
1	8	39	4	-0.798886
1	8	39	5	-0.859006
1	8	39	6	-0.822057
1	8	39	7	-0.875816
1	8	39	8	-0.856505
1	9	39	1	0.154951
1	9	39	2	0.148588
1	9	39	3	0.150007
1	9	39	4	0.156113
1	9	39	5	0.148588
1	9	39	6	0.148554
1	9	39	7	0.148579
1	9	39	8	0.148588
1	10	39	1	-0.319221
1	10	39	2	-0.285101
1	10	39	3	-0.328918
1	10	39	4	-0.303717
1	10	39	5	-0.314268
1	10	39	6	-0.220593
1	10	39	7	-0.192231
1	10	39	8	-0.294472
1	11	39	1	-0.460044
1	11	39	2	-0.485455
1	11	39	3	-0.499262
1	11	39	4	-0.492198
1	11	39	5	-0.54833
1	11	39	6	-0.422034
1	11	39	7	-0.536099
1	11	39	8	-0.55012
1	12	39	1	0.0755798
1	12	39	2	0.0691266
1	12	39	3	0.0706349
1	12	39	4	0.0767418
1	12	39	5	0.0692169
1	12	39	6	0.0591434
1	12	39	7	0.0830884
1	12	39	8	0.0692048
4	1	5	1	1.01371
4	1	5	2	1.02189
4	1	5	3	1.02066
4	1	5	4	1.03572
4	1	5	5	1.03349
4	1	5	6	1.0196
4	1	5	7	1.02019
4	1	7	1	-1.09188
4	1	8	1	-1.62742
4	1	17	1	22.5169
4	1	18	1	382.168
4	1	24	1	2316.15
4	1	27	1	0.0301998
4	1	34	1	0.697567
4	1	35	1	-0.0910315
4	1	35	2	-0.0892012
4	1	35	3	-0.145829
4	1	35	4	-0.0922407
4	1	35	5	-0.091287
4	1	35	6	-0.0922281
4	1	35	7	-0.0922281
4	1	37	1	-0.428175
4	1	38	1	1044.61
4	1	39	1	-0.00900701
4	1	39	2	-0.00900701
4	1	39	3	-0.00900701
4	1	39	4	-0.00901353
4	1	39	5	-0.00900701
4	1	39	6	-0.00900701
4	1	39	7	-0.00900701
4	1	39	8	-0.00900701
5	1	7	1	0.0538651
5	2	7	1	0.0538651
5	3	7	1	0.0538651
5	4	7	1	0.0538651
5	5	7	1	0.053865
5	6	7	1	0.0538747
5	7	7	1	0.0538372
5	1	8	1	-1.22529
5	2	8	1	-1.21468
5	3	8	1	-1.15876
5	4	8	1	-1.14152
5	5	8	1	-1.23513
5	6	8	1	-1.1458
5	7	8	1	-1.19166
5	1	17	1	-0.00642555
5	2	17	1	-0.00642555
5	3	17	1	-0.00642555
5	4	17	1	-0.00642555
5	5	17	1	-0.00642555
5	6	17	1	-0.00642555
5	7	17	1	-0.00642555
5	1	18	1	0.0614498
5	2	18	1	0.0614498
5	3	18	1	0.0614498
5	4	18	1	0.0614498
5	5	18	1	0.0614498
5	6	18	1	0.0614498
5	7	18	1	0.0614498
5	1	24	1	0.224555
5	2	24	1	0.224555
5	3	24	1	0.224555
5	4	24	1	0.224555
5	5	24	1	0.224555
5	6	24	1	0.224555
5	7	24	1	0.224555
5	1	34	1	-0.0903846
5	2	34	1	-0.0885543
5	3	34	1	-0.145182
5	4	34	1	-0.0915938
5	5	34	1	-0.09064
5	6	34	1	-0.0915811
5	7	34	1	-0.0915811
5	1	35	1	1.26929
5	1	35	2	2.24892
5	1	35	3	0.203933
5	1	35	4	0.00341738
5	1	35	5	3.96856
5	1	35	6	0.499665
5	1	35	7	0.768612
5	2	35	1	2.24892
5	2	35	2	6.84843
5	2	35	3	0.572178
5	2	35	4	-0.00374866
5	2	35	5	12.6807
5	2	35	6	0.519679
5	2	35	7	1.02709
5	3	35	1	0.203934
5	3	35	2	0.572178
5	3	35	3	-0.293287
5	3	35	4	-1.0987
5	3	35	5	0.90984
5	3	35	6	-0.904056
5	3	35	7	-0.00987726
5	4	35	1	0.00341758
5	4	35	2	-0.00374863
5	4	35	3	-1.0987
5	4	35	4	-1.33252
5	4	35	5	-0.309365
5	4	35	6	-1.03958
5	4	35	7	-0.129653
5	5	35	1	3.96856
5	5	35	2	12.6807
5	5	35	3	0.90984
5	5	35	4	-0.309365
5	5	35	5	10.7414
5	5	35	6	-0.0235204
5	5	35	7	1.21263
5	6	35	1	0.499665
5	6	35	2	0.519678
5	6	35	3	-0.904056
5	6	35	4	-1.03958
5	6	35	5	-0.0235204
5	6	35	6	-0.852815
5	6	35	7	0.184464
5	7	35	1	0.768611
5	7	35	2	1.02709
5	7	35	3	-0.00987753
5	7	35	4	-0.129654
5	7	35	5	1.21263
5	7	35	6	0.184463
5	7	35	7	0.485391
5	1	37	1	0.00109662
5	2	37	1	0.00109662
5	3	37	1	0.0163491
5	4	37	1	0.0049165
5	5	37	1	0.00109662
5	6	37	1	0.00109662
5	7	37	1	0.00109662
5	1	38	1	119.472
5	2	38	1	119.422
5	3	38	1	120.031
5	4	38	1	119.954
5	5	38	1	119.53
5	6	38	1	119.735
5	7	38	1	119.492
5	1	39	1	100.792
5	1	39	2	-0.563799
5	1	39	3	15.2178
5	1	39	4	204.891
5	1	39	5	13.5771
5	1	39	6	-0.630323
5	1	39	7	-0.524798
5	1	39	8	-0.493134
5	2	39	1	24.7326
5	2	39	2	-0.627506
5	2	39	3	3.84877
5	2	39	4	71.9374
5	2	39	5	1.67907
5	2	39	6	-0.713207
5	2	39	7	-0.53423
5	2	39	8	-0.510862
5	3	39	1	117.201
5	3	39	2	0.268472
5	3	39	3	37.337
5	3	39	4	222.685
5	3	39	5	119.613
5	3	39	6	0.219359
5	3	39	7	0.390289
5	3	39	8	0.436796
5	4	39	1	296.529
5	4	39	2	1.80204
5	4	39	3	176.007
5	4	39	4	410.483
5	4	39	5	184.27
5	4	39	6	1.74992
5	4	39	7	1.97666
5	4	39	8	2.00915
5	5	39	1	34.7989
5	5	39	2	-0.628517
5	5	39	3	12.4387
5	5	39	4	46.9487
5	5	39	5	1.31064
5	5	39	6	-0.696522
5	5	39	7	-0.403633
5	5	39	8	-0.404646
5	6	39	1	424.317
5	6	39	2	1.50717
5	6	39	3	285.298
5	6	39	4	463.88
5	6	39	5	165.457
5	6	39	6	1.49056
5	6	39	7	2.1636
5	6	39	8	2.12569
5	7	39	1	234.462
5	7	39	2	-0.253953
5	7	39	3	105.412
5	7	39	4	329.351
5	7	39	5	43.7233
5	7	39	6	-0.300085
5	7	39	7	-0.332738
5	7	39	8	-0.359039
7	1	8	1	0.536275
7	1	17	1	2056.57
7	1	18	1	0.132414
7	1	24	1	0.0301998
7	1	34	1	-0.0466686
7	1	35	1	0.00109662
7	1	35	2	0.00109662
7	1	35	3	0.0163491
7	1	35	4	0.0049165
7	1	35	5	0.00109662
7	1	35	6	0.00109662
7	1	35	7	0.00109662
7	1	38	1	-0.140011
8	1	17	1	0.132414
8	1	18	1	-1.60899
8	1	24	1	0.310469
8	1	27	1	-0.374314
8	1	34	1	421.787
8	1	35	1	119.472
8	1	35	2	119.422
8	1	35	3	120.031
8	1	35	4	119.954
8	1	35	5	119.53
8	1	35	6	119.735
8	1	35	7	119.492
8	1	37	1	-0.140011
8	1	38	1	558.091
8	1	39	1	0.0412158
8	1	39	2	0.0413167
8	1	39	3	0.040741
8	1	39	4	0.0286646
8	1	39	5	0.0585783
8	1	39	6	0.0413167
8	1	39	7	0.0413167
8	1	39	8	0.0413167
17	1	18	1	0.536275
17	1	24	1	-0.428175
17	1	34	1	-3.58957e-05
17	1	38	1	-0.374314
18	1	24	1	1044.61
18	1	27	1	-0.140011
18	1	34	1	0.616907
18	1	35	1	-0.00997677
18	1	35	2	-0.00997677
18	1	35	3	-0.00997677
18	1	35	4	-0.00997677
18	1	35	5	-0.00997677
18	1	35	6	-0.00997677
18	1	35	7	-0.00997677
18	1	37	1	-0.374314
18	1	38	1	34.3055
18	1	39	1	-3.82943e-07
18	1	39	2	-3.82943e-07
18	1	39	3	-3.82943e-07
18	1	39	4	-3.82943e-07
18	1	39	5	-3.82943e-07
18	1	39	6	-3.82943e-07
18	1	39	7	-3.82943e-07
18	1	39	8	-3.82943e-07
24	1	27	1	-1.09188
24	1	34	1	0.911094
24	1	35	1	0.00138087
24	1	35	2	0.00138087
24	1	35	3	0.00138087
24	1	35	4	0.00138087
24	1	35	5	0.00138087
24	1	35	6	0.00138087
24	1	35	7	0.00138087
24	1	37	1	22.5169
24	1	38	1	382.168
24	1	39	1	0.00655099
24	1	39	2	0.00655099
24	1	39	3	0.00655099
24	1	39	4	0.00655099
24	1	39	5	0.00655099
24	1	39	6	0.00655099
24	1	39	7	0.00655099
24	1	39	8	0.00655099
27	1	34	1	60.3551
27	1	35	1	-0.00642555
27	1	35	2	-0.00642555
27	1	35	3	-0.00642555
27	1	35	4	-0.00642555
27	1	35	5	-0.00642555
27	1	35	6	-0.00642555
27	1	35	7	-0.00642555
27	1	37	1	2056.57
27	1	38	1	0.132414
34	1	35	1	0.81479
34	1	35	2	0.822974
34	1	35	3	0.821758
34	1	35	4	0.836819
34	1	35	5	0.834575
34	1	35	6	0.82068
34	1	35	7	0.821279
34	1	37	1	-1.05788
34	1	38	1	-1.90695
34	1	39	1	-0.162132
34	1	39	2	-0.162132
34	1	39	3	-0.162132
34	1	39	4	-0.162132
34	1	39	5	-0.193864
34	1	39	6	-0.162132
34	1	39	7	-0.162132
34	1	39	8	-0.162132
35	1	37	1	0.0538651
35	2	37	1	0.0538651
35	3	37	1	0.0538651
35	4	37	1	0.0538651
35	5	37	1	0.053865
35	6	37	1	0.0538747
35	7	37	1	0.0538372
35	1	38	1	-1.22529
35	2	38	1	-1.21468
35	3	38	1	-1.15876
35	4	38	1	-1.14152
35	5	38	1	-1.23513
35	6	38	1	-1.1458
35	7	38	1	-1.19166
35	1	39	1	-1.7022
35	1	39	2	-2.00107
35	1	39	3	-1.41588
35	1	39	4	-1.74087
35	1	39	5	-0.422948
35	1	39	6	-2.01734
35	1	39	7	-2.00696
35	1	39	8	-2.02577
35	2	39	1	-1.90052
35	2	39	2	-2.06435
35	2	39	3	-1.65909
35	2	39	4	-1.79328
35	2	39	5	-0.695047
35	2	39	6	-2.08062
35	2	39	7	-2.07024
35	2	39	8	-2.09724
35	3	39	1	-2.07922
35	3	39	2	-1.99991
35	3	39	3	-1.83027
35	3	39	4	-1.96713
35	3	39	5	-0.598778
35	3	39	6	-2.01618
35	3	39	7	-2.0058
35	3	39	8	-2.02848
35	4	39	1	-1.99639
35	4	39	2	-2.03456
35	4	39	3	-1.81086
35	4	39	4	-1.94203
35	4	39	5	-0.680393
35	4	39	6	-2.05084
35	4	39	7	-2.04045
35	4	39	8	-2.06935
35	5	39	1	-1.96557
35	5	39	2	-2.07208
35	5	39	3	-1.63128
35	5	39	4	-1.78522
35	5	39	5	-0.811187
35	5	39	6	-2.08835
35	5	39	7	-2.07799
35	5	39	8	-2.12653
35	6	39	1	-1.89915
35	6	39	2	-2.11714
35	6	39	3	-1.52268
35	6	39	4	-1.93547
35	6	39	5	-0.0272191
35	6	39	6	-2.133
35	6	39	7	-2.12249
35	6	39	8	-2.1701
35	7	39	1	-1.17519
35	7	39	2	-1.99102
35	7	39	3	-0.470711
35	7	39	4	-1.5281
35	7	39	5	0.376897
35	7	39	6	-2.00744
35	7	39	7	-1.99695
35	7	39	8	-1.99948
37	1	38	1	0.536275
37	1	39	1	0.0372101
37	1	39	2	0.0399117
37	1	39	3	0.0143143
37	1	39	4	0.0372286
37	1	39	5	0.00430745
37	1	39	6	0.0399117
37	1	39	7	0.0399117
37	1	39	8	0.0399117
38	1	39	1	0.606088
38	1	39	2	0.827188
38	1	39	3	0.599144
38	1	39	4	0.648528
38	1	39	5	0.611202
38	1	39	6	0.835823
38	1	39	7	0.833608
38	1	39	8	0.848929
[END TWOBODY SEQPOS1/ROTINDEX1/SEQPOS2/ROTINDEX2/ENERGY]
