[BEGIN ONEBODY SEQPOS/ROTINDEX/ENERGY]
14	1	-1.70994
14	2	4.18085
14	3	-1.20868
14	4	0.336576
14	5	2.13096
14	6	0.152793
14	7	2.83027
14	8	-0.0773712
14	9	8.68399
15	1	-4.26701
15	2	-2.48614
15	3	-2.70993
15	4	-2.87523
15	5	-1.2229
15	6	-1.73078
15	7	-1.51872
15	8	-1.28769
18	1	0.658724
18	2	5.37112
18	3	5.6067
25	1	-2.06597
25	2	-0.182099
25	3	-0.503914
25	4	-0.667278
25	5	0.812841
25	6	0.598447
25	7	0.75825
25	8	1.15384
27	1	11.5338
28	1	-0.680085
28	2	0.801267
28	3	2.41186
28	4	4.68322
28	5	2.66357
28	6	1.99435
29	1	-0.598903
29	2	1.27658
29	3	0.96277
29	4	0.624484
29	5	1.20876
29	6	2.12017
29	7	2.25257
29	8	2.55904
34	1	-3.57062
34	2	0.299669
34	3	0.511306
34	4	-1.63809
34	5	5.34047
34	6	-1.54734
[END ONEBODY SEQPOS/ROTINDEX/ENERGY]
[BEGIN TWOBODY SEQPOS1/ROTINDEX1/SEQPOS2/ROTINDEX2/ENERGY]
14	1	15	1	0.636168
14	1	15	2	0.856674
14	1	15	3	0.619882
14	1	15	4	0.738973
14	1	15	5	0.624498
14	1	15	6	0.864877
14	1	15	7	0.878927
14	1	15	8	0.887325
14	2	15	1	0.60278
14	2	15	2	0.824393
14	2	15	3	0.596084
14	2	15	4	0.645647
14	2	15	5	0.606997
14	2	15	6	0.832596
14	2	15	7	0.831401
14	2	15	8	0.846438
14	3	15	1	0.724462
14	3	15	2	0.94909
14	3	15	3	0.711232
14	3	15	4	0.76112
14	3	15	5	0.728724
14	3	15	6	0.957293
14	3	15	7	0.956079
14	3	15	8	0.971119
14	4	15	1	0.883179
14	4	15	2	0.953102
14	4	15	3	0.793826
14	4	15	4	0.985404
14	4	15	5	0.742675
14	4	15	6	0.961305
14	4	15	7	0.960078
14	4	15	8	0.97513
14	5	15	1	1.01977
14	5	15	2	1.05142
14	5	15	3	0.942778
14	5	15	4	1.13061
14	5	15	5	0.865552
14	5	15	6	1.05962
14	5	15	7	1.05685
14	5	15	8	1.07344
14	6	15	1	0.7752
14	6	15	2	1.01374
14	6	15	3	0.780214
14	6	15	4	0.830262
14	6	15	5	0.788753
14	6	15	6	1.02194
14	6	15	7	1.02073
14	6	15	8	1.03577
14	7	15	1	1.05397
14	7	15	2	1.12304
14	7	15	3	0.973607
14	7	15	4	1.15419
14	7	15	5	0.907208
14	7	15	6	1.13125
14	7	15	7	1.12825
14	7	15	8	1.14507
14	8	15	1	0.687258
14	8	15	2	0.89473
14	8	15	3	0.708594
14	8	15	4	0.764476
14	8	15	5	0.726827
14	8	15	6	0.903629
14	8	15	7	0.940413
14	8	15	8	0.949529
14	9	15	1	0.580491
14	9	15	2	0.802104
14	9	15	3	0.573795
14	9	15	4	0.623363
14	9	15	5	0.584708
14	9	15	6	0.810307
14	9	15	7	0.809112
14	9	15	8	0.824149
14	1	18	1	-1.71831
14	1	18	2	-1.34127
14	1	18	3	-2.06521
14	2	18	1	-1.97221
14	2	18	2	-1.87959
14	2	18	3	-1.92632
14	3	18	1	-1.95512
14	3	18	2	-1.68375
14	3	18	3	-2.06206
14	4	18	1	-2.16901
14	4	18	2	-1.88944
14	4	18	3	-1.73546
14	5	18	1	-2.03004
14	5	18	2	-1.96751
14	5	18	3	-1.52082
14	6	18	1	-1.96917
14	6	18	2	-1.62602
14	6	18	3	-1.82
14	7	18	1	-1.86461
14	7	18	2	-1.20508
14	7	18	3	-1.15717
14	8	18	1	-1.03882
14	8	18	2	0.180876
14	8	18	3	-2.03549
14	9	18	1	-1.93934
14	9	18	2	-1.8754
14	9	18	3	-1.92819
14	1	25	1	-0.00267912
14	1	25	2	-0.00307514
14	1	25	3	-0.00292058
14	1	25	4	-0.00307514
14	1	25	5	-0.00307514
14	1	25	6	-0.00307514
14	1	25	7	-0.00309051
14	1	25	8	-0.00307514
14	2	25	1	-0.00265865
14	2	25	2	-0.00305467
14	2	25	3	-0.00290012
14	2	25	4	-0.00305467
14	2	25	5	-0.00305467
14	2	25	6	-0.00305467
14	2	25	7	-0.00307005
14	2	25	8	-0.00305467
14	3	25	1	-0.00265865
14	3	25	2	-0.00305467
14	3	25	3	-0.00290012
14	3	25	4	-0.00305467
14	3	25	5	-0.00305467
14	3	25	6	-0.00305467
14	3	25	7	-0.00307005
14	3	25	8	-0.00305467
14	4	25	1	-0.00266607
14	4	25	2	-0.00306209
14	4	25	3	-0.00290753
14	4	25	4	-0.00306209
14	4	25	5	-0.00306209
14	4	25	6	-0.00306209
14	4	25	7	-0.00307746
14	4	25	8	-0.00306209
14	5	25	1	-0.00320288
14	5	25	2	-0.0035989
14	5	25	3	-0.00344434
14	5	25	4	-0.0035989
14	5	25	5	-0.0035989
14	5	25	6	-0.0035989
14	5	25	7	-0.00361427
14	5	25	8	-0.0035989
14	6	25	1	-0.00265865
14	6	25	2	-0.00305467
14	6	25	3	-0.00290012
14	6	25	4	-0.00305467
14	6	25	5	-0.00305467
14	6	25	6	-0.00305467
14	6	25	7	-0.00307005
14	6	25	8	-0.00305467
14	7	25	1	-0.00378873
14	7	25	2	-0.00418475
14	7	25	3	-0.0040302
14	7	25	4	-0.00418475
14	7	25	5	-0.00418475
14	7	25	6	-0.00418475
14	7	25	7	-0.00420013
14	7	25	8	-0.00418475
14	8	25	1	-0.00175752
14	8	25	2	-0.00215354
14	8	25	3	-0.00199898
14	8	25	4	-0.00215354
14	8	25	5	-0.00215354
14	8	25	6	-0.00215354
14	8	25	7	-0.00216891
14	8	25	8	-0.00215354
14	9	25	1	-0.00265865
14	9	25	2	-0.00305467
14	9	25	3	-0.00290012
14	9	25	4	-0.00305467
14	9	25	5	-0.00305467
14	9	25	6	-0.00305467
14	9	25	7	-0.00307005
14	9	25	8	-0.00305467
14	1	27	1	0.00626045
14	2	27	1	-0.000267557
14	3	27	1	-0.0253692
14	4	27	1	-0.0868827
14	5	27	1	-0.115181
14	6	27	1	-0.0193212
14	7	27	1	-0.0894221
14	8	27	1	0.0238032
14	9	27	1	-0.000266737
14	1	28	1	301.163
14	1	28	2	445.508
14	1	28	3	423.186
14	1	28	4	603.331
14	1	28	5	676.248
14	1	28	6	479.345
14	2	28	1	-0.169247
14	2	28	2	5.32275
14	2	28	3	33.559
14	2	28	4	78.0639
14	2	28	5	26.5683
14	2	28	6	2.06128
14	3	28	1	118.681
14	3	28	2	272.433
14	3	28	3	287.925
14	3	28	4	462.002
14	3	28	5	486.632
14	3	28	6	311.402
14	4	28	1	299.264
14	4	28	2	461.665
14	4	28	3	450.986
14	4	28	4	570.669
14	4	28	5	614.603
14	4	28	6	344.374
14	5	28	1	407.309
14	5	28	2	601.693
14	5	28	3	629.751
14	5	28	4	730.677
14	5	28	5	708.267
14	5	28	6	437.799
14	6	28	1	64.8601
14	6	28	2	252.229
14	6	28	3	347.727
14	6	28	4	509.831
14	6	28	5	420.715
14	6	28	6	169.214
14	7	28	1	414.657
14	7	28	2	627.734
14	7	28	3	764.741
14	7	28	4	867.145
14	7	28	5	681.788
14	7	28	6	434.227
14	8	28	1	484.262
14	8	28	2	648.146
14	8	28	3	626.585
14	8	28	4	840.835
14	8	28	5	841.506
14	8	28	6	617.838
14	9	28	1	-0.185265
14	9	28	2	5.28899
14	9	28	3	33.4618
14	9	28	4	78.1708
14	9	28	5	26.7645
14	9	28	6	2.23406
14	1	29	1	-0.0241718
14	1	29	2	-0.0241718
14	1	29	3	-0.0241718
14	1	29	4	-0.0241718
14	1	29	5	-0.0241718
14	1	29	6	-0.0241718
14	1	29	7	-0.0241718
14	1	29	8	-0.0241718
14	2	29	1	0
14	2	29	2	0
14	2	29	3	0
14	2	29	4	0
14	2	29	5	0
14	2	29	6	0
14	2	29	7	0
14	2	29	8	0
14	3	29	1	-0.0302025
14	3	29	2	-0.0302025
14	3	29	3	-0.0302025
14	3	29	4	-0.0302025
14	3	29	5	-0.0302025
14	3	29	6	-0.0302025
14	3	29	7	-0.0302025
14	3	29	8	-0.0302025
14	4	29	1	0.0650645
14	4	29	2	0.0650645
14	4	29	3	0.0650645
14	4	29	4	0.0650645
14	4	29	5	0.0650645
14	4	29	6	0.0650645
14	4	29	7	0.0650645
14	4	29	8	0.0650645
14	5	29	1	0.0572018
14	5	29	2	0.0572018
14	5	29	3	0.0572018
14	5	29	4	0.0572018
14	5	29	5	0.0572018
14	5	29	6	0.0572018
14	5	29	7	0.0572018
14	5	29	8	0.0572018
14	6	29	1	0.000449091
14	6	29	2	0.000449091
14	6	29	3	0.000449091
14	6	29	4	0.000449091
14	6	29	5	0.000449091
14	6	29	6	0.000449091
14	6	29	7	0.000449091
14	6	29	8	0.000449091
14	7	29	1	0.0152178
14	7	29	2	0.0152178
14	7	29	3	0.0152178
14	7	29	4	0.0152178
14	7	29	5	0.0152178
14	7	29	6	0.0152178
14	7	29	7	0.0152178
14	7	29	8	0.0152178
14	8	29	1	-0.0128825
14	8	29	2	-0.0128825
14	8	29	3	-0.0128825
14	8	29	4	-0.0128835
14	8	29	5	-0.0128825
14	8	29	6	-0.0128825
14	8	29	7	-0.0128825
14	8	29	8	-0.0128825
14	9	29	1	0
14	9	29	2	0
14	9	29	3	0
14	9	29	4	0
14	9	29	5	0
14	9	29	6	0
14	9	29	7	0
14	9	29	8	0
14	1	34	1	1.01714
14	1	34	2	77.5593
14	1	34	3	134.27
14	1	34	4	202.612
14	1	34	5	387.092
14	1	34	6	32.1742
14	2	34	1	0.681249
14	2	34	2	11.0656
14	2	34	3	-0.490501
14	2	34	4	29.1934
14	2	34	5	0.985346
14	2	34	6	0.719694
14	3	34	1	11.0656
14	3	34	2	122.942
14	3	34	3	172.399
14	3	34	4	336.935
14	3	34	5	514.757
14	3	34	6	137.403
14	4	34	1	-0.490501
14	4	34	2	172.399
14	4	34	3	32.0858
14	4	34	4	221.849
14	4	34	5	268.684
14	4	34	6	1.62126
14	5	34	1	-0.314985
14	5	34	2	314.002
14	5	34	3	105.013
14	5	34	4	330.552
14	5	34	5	181.009
14	5	34	6	0.787526
14	6	34	1	29.1934
14	6	34	2	336.935
14	6	34	3	221.849
14	6	34	4	607.025
14	6	34	5	560.311
14	6	34	6	164.849
14	7	34	1	0.985346
14	7	34	2	514.757
14	7	34	3	268.684
14	7	34	4	560.311
14	7	34	5	225.76
14	7	34	6	2.39456
14	8	34	1	-0.552204
14	8	34	2	186.575
14	8	34	3	161.029
14	8	34	4	236.714
14	8	34	5	282.01
14	8	34	6	3.12482
14	9	34	1	0.719695
14	9	34	2	137.403
14	9	34	3	1.62126
14	9	34	4	164.849
14	9	34	5	2.39456
14	9	34	6	1.00302
15	1	18	1	-1.32375
15	1	18	2	-1.07212
15	1	18	3	-1.15555
15	2	18	1	-1.41587
15	2	18	2	-1.22266
15	2	18	3	-1.28766
15	3	18	1	-1.36365
15	3	18	2	-1.11822
15	3	18	3	-1.21103
15	4	18	1	-1.32129
15	4	18	2	-1.07718
15	4	18	3	-1.18074
15	5	18	1	-1.37687
15	5	18	2	-1.16671
15	5	18	3	-1.2626
15	6	18	1	-1.40906
15	6	18	2	-1.21127
15	6	18	3	-1.28138
15	7	18	1	-1.36254
15	7	18	2	-1.15539
15	7	18	3	-1.31892
15	8	18	1	-1.33323
15	8	18	2	-1.13906
15	8	18	3	-1.27462
15	1	25	1	0.555212
15	1	25	2	0.542162
15	1	25	3	0.651597
15	1	25	4	0.413832
15	1	25	5	0.638026
15	1	25	6	0.510472
15	1	25	7	0.223721
15	1	25	8	0.237433
15	2	25	1	0.542162
15	2	25	2	0.686944
15	2	25	3	0.686262
15	2	25	4	0.388822
15	2	25	5	0.714106
15	2	25	6	0.762803
15	2	25	7	0.0589983
15	2	25	8	0.133167
15	3	25	1	0.651597
15	3	25	2	0.686262
15	3	25	3	0.747983
15	3	25	4	0.510218
15	3	25	5	0.734411
15	3	25	6	0.685548
15	3	25	7	0.327462
15	3	25	8	0.336717
15	4	25	1	0.413832
15	4	25	2	0.388822
15	4	25	3	0.510218
15	4	25	4	0.272453
15	4	25	5	0.496646
15	4	25	6	0.318557
15	4	25	7	0.0870702
15	4	25	8	0.0946325
15	5	25	1	0.638026
15	5	25	2	0.714106
15	5	25	3	0.734411
15	5	25	4	0.496646
15	5	25	5	0.72084
15	5	25	6	0.717623
15	5	25	7	0.331226
15	5	25	8	0.328896
15	6	25	1	0.510472
15	6	25	2	0.762803
15	6	25	3	0.685548
15	6	25	4	0.318557
15	6	25	5	0.717623
15	6	25	6	0.856581
15	6	25	7	0.0416847
15	6	25	8	0.0745524
15	7	25	1	0.223721
15	7	25	2	0.0589984
15	7	25	3	0.327462
15	7	25	4	0.0870701
15	7	25	5	0.331226
15	7	25	6	0.0416847
15	7	25	7	0.138471
15	7	25	8	-0.18757
15	8	25	1	0.237432
15	8	25	2	0.133167
15	8	25	3	0.336717
15	8	25	4	0.0946325
15	8	25	5	0.328895
15	8	25	6	0.0745524
15	8	25	7	-0.18757
15	8	25	8	-0.207357
15	1	27	1	-0.00524728
15	2	27	1	0
15	3	27	1	-0.00337335
15	4	27	1	-0.00204372
15	5	27	1	-0.000123038
15	6	27	1	0
15	7	27	1	0
15	8	27	1	0
15	1	28	1	13.0615
15	1	28	2	12.9738
15	1	28	3	13.156
15	1	28	4	12.7983
15	1	28	5	12.9262
15	1	28	6	13.0298
15	2	28	1	-0.545332
15	2	28	2	-0.648658
15	2	28	3	-0.446468
15	2	28	4	-0.756572
15	2	28	5	-0.641981
15	2	28	6	-0.551826
15	3	28	1	0.793155
15	3	28	2	0.696367
15	3	28	3	0.883092
15	3	28	4	0.550071
15	3	28	5	0.68487
15	3	28	6	0.786562
15	4	28	1	18.7824
15	4	28	2	18.7117
15	4	28	3	18.8972
15	4	28	4	18.4743
15	4	28	5	18.6456
15	4	28	6	18.756
15	5	28	1	-1.26249
15	5	28	2	-1.36859
15	5	28	3	-1.18562
15	5	28	4	-1.50739
15	5	28	5	-1.38244
15	5	28	6	-1.28719
15	6	28	1	-0.479923
15	6	28	2	-0.599477
15	6	28	3	-0.396833
15	6	28	4	-0.707303
15	6	28	5	-0.589914
15	6	28	6	-0.487145
15	7	28	1	-0.177973
15	7	28	2	-0.297383
15	7	28	3	-0.0961034
15	7	28	4	-0.424713
15	7	28	5	-0.331202
15	7	28	6	-0.249484
15	8	28	1	-0.172909
15	8	28	2	-0.276015
15	8	28	3	-0.108565
15	8	28	4	-0.42013
15	8	28	5	-0.311503
15	8	28	6	-0.230141
15	1	29	1	0.42417
15	1	29	2	0.37578
15	1	29	3	0.201614
15	1	29	4	0.510108
15	1	29	5	0.0566409
15	1	29	6	0.363094
15	1	29	7	0.47984
15	1	29	8	0.338125
15	2	29	1	1.166
15	2	29	2	0.00810485
15	2	29	3	0.411203
15	2	29	4	2.02028
15	2	29	5	-0.165972
15	2	29	6	-0.0203883
15	2	29	7	-0.0159126
15	2	29	8	0.00457399
15	3	29	1	0.916256
15	3	29	2	0.317985
15	3	29	3	0.319393
15	3	29	4	1.29628
15	3	29	5	0.11971
15	3	29	6	0.305071
15	3	29	7	0.341422
15	3	29	8	0.228148
15	4	29	1	0.276229
15	4	29	2	0.29543
15	4	29	3	0.0879081
15	4	29	4	0.308581
15	4	29	5	0.00384846
15	4	29	6	0.28832
15	4	29	7	0.490385
15	4	29	8	0.360138
15	5	29	1	3.66346
15	5	29	2	0.190654
15	5	29	3	0.808451
15	5	29	4	6.14838
15	5	29	5	0.229469
15	5	29	6	0.148636
15	5	29	7	0.0857209
15	5	29	8	0.0676889
15	6	29	1	0.294068
15	6	29	2	-0.0772057
15	6	29	3	0.0290853
15	6	29	4	0.469958
15	6	29	5	-0.326162
15	6	29	6	-0.0817946
15	6	29	7	-0.0941318
15	6	29	8	-0.103756
15	7	29	1	0.547149
15	7	29	2	0.00510472
15	7	29	3	0.167646
15	7	29	4	1.22532
15	7	29	5	0.0795958
15	7	29	6	0.000349008
15	7	29	7	0.0922837
15	7	29	8	0.106744
15	8	29	1	3.30517
15	8	29	2	0.153883
15	8	29	3	0.902792
15	8	29	4	5.42272
15	8	29	5	0.500568
15	8	29	6	0.113608
15	8	29	7	0.321041
15	8	29	8	0.331876
15	1	34	1	-0.00393573
15	1	34	2	-0.00157113
15	1	34	3	-0.00892728
15	1	34	4	-0.0353092
15	1	34	5	-0.0871734
15	1	34	6	-0.0433162
15	2	34	1	0
15	2	34	2	-0.00157113
15	2	34	3	-0.00914575
15	2	34	4	-0.035309
15	2	34	5	-0.0541658
15	2	34	6	-0.000940937
15	3	34	1	-8.26799e-06
15	3	34	2	-0.00157113
15	3	34	3	-0.00914911
15	3	34	4	-0.035309
15	3	34	5	-0.0547369
15	3	34	6	-0.0132481
15	4	34	1	-0.0166139
15	4	34	2	-0.00157113
15	4	34	3	-0.0100507
15	4	34	4	-0.0353174
15	4	34	5	-0.10926
15	4	34	6	-0.0566283
15	5	34	1	0.00482046
15	5	34	2	-0.00157113
15	5	34	3	-0.00914575
15	5	34	4	-0.035309
15	5	34	5	-0.0541739
15	5	34	6	0.0146745
15	6	34	1	0
15	6	34	2	-0.00157113
15	6	34	3	-0.00914575
15	6	34	4	-0.035309
15	6	34	5	-0.0541658
15	6	34	6	-0.000940937
15	7	34	1	0
15	7	34	2	-0.00157113
15	7	34	3	-0.00914575
15	7	34	4	-0.035309
15	7	34	5	-0.0541658
15	7	34	6	-0.000940937
15	8	34	1	0
15	8	34	2	-0.00157113
15	8	34	3	-0.00914575
15	8	34	4	-0.035309
15	8	34	5	-0.0541658
15	8	34	6	-0.000940937
18	1	25	1	13.0615
18	1	25	2	-0.545332
18	1	25	3	0.793155
18	1	25	4	18.7824
18	1	25	5	-1.2625
18	1	25	6	-0.479923
18	1	25	7	-0.177973
18	1	25	8	-0.172909
18	2	25	1	12.9738
18	2	25	2	-0.648658
18	2	25	3	0.696368
18	2	25	4	18.7117
18	2	25	5	-1.36859
18	2	25	6	-0.599477
18	2	25	7	-0.297383
18	2	25	8	-0.276015
18	3	25	1	13.0298
18	3	25	2	-0.551826
18	3	25	3	0.786562
18	3	25	4	18.756
18	3	25	5	-1.2872
18	3	25	6	-0.487145
18	3	25	7	-0.249485
18	3	25	8	-0.230141
18	1	27	1	0.0672448
18	2	27	1	0.0428255
18	3	27	1	-0.189421
18	1	28	1	766.262
18	1	28	2	1005.42
18	1	28	3	911.931
18	1	28	4	750.664
18	1	28	5	795.946
18	1	28	6	647.237
18	2	28	1	1005.42
18	2	28	2	1113.04
18	2	28	3	837.506
18	2	28	4	746.844
18	2	28	5	941.072
18	2	28	6	881.646
18	3	28	1	647.237
18	3	28	2	881.646
18	3	28	3	728.612
18	3	28	4	669.895
18	3	28	5	768.459
18	3	28	6	622.989
18	1	29	1	0.000970393
18	1	29	2	0.000977464
18	1	29	3	0.000952873
18	1	29	4	-0.00771156
18	1	29	5	0.0133657
18	1	29	6	0.000977464
18	1	29	7	0.000977464
18	1	29	8	0.000977464
18	2	29	1	-0.00397463
18	2	29	2	-0.00397096
18	2	29	3	-0.00397096
18	2	29	4	-0.00450972
18	2	29	5	-0.00423029
18	2	29	6	-0.00397096
18	2	29	7	-0.00397096
18	2	29	8	-0.00397096
18	3	29	1	-0.0314029
18	3	29	2	-0.0314029
18	3	29	3	-0.0314029
18	3	29	4	-0.0315032
18	3	29	5	-0.0315356
18	3	29	6	-0.0314029
18	3	29	7	-0.0314029
18	3	29	8	-0.0314029
18	1	34	1	-0.0120878
18	1	34	2	0.0576182
18	1	34	3	0.718284
18	1	34	4	0.211494
18	1	34	5	0.3995
18	1	34	6	0.038732
18	2	34	1	0.00712584
18	2	34	2	0.173714
18	2	34	3	0.790785
18	2	34	4	0.316638
18	2	34	5	0.497646
18	2	34	6	0.0566934
18	3	34	1	-0.0536614
18	3	34	2	0.314725
18	3	34	3	0.0687915
18	3	34	4	0.253525
18	3	34	5	-0.0163573
18	3	34	6	-0.0539821
25	1	27	1	0.0529318
25	2	27	1	0.053915
25	3	27	1	0.0529318
25	4	27	1	0.0529318
25	5	27	1	0.0529318
25	6	27	1	0.053915
25	7	27	1	0.053915
25	8	27	1	0.053915
25	1	28	1	-1.32375
25	1	28	2	-1.07212
25	1	28	3	-1.07138
25	1	28	4	-0.973869
25	1	28	5	-0.976662
25	1	28	6	-1.15555
25	2	28	1	-1.41587
25	2	28	2	-1.22266
25	2	28	3	-1.14241
25	2	28	4	-1.0674
25	2	28	5	-1.15022
25	2	28	6	-1.28766
25	3	28	1	-1.36365
25	3	28	2	-1.11822
25	3	28	3	-1.10991
25	3	28	4	-1.02651
25	3	28	5	-1.05061
25	3	28	6	-1.21103
25	4	28	1	-1.32129
25	4	28	2	-1.07718
25	4	28	3	-1.07491
25	4	28	4	-0.970031
25	4	28	5	-0.986019
25	4	28	6	-1.18074
25	5	28	1	-1.37687
25	5	28	2	-1.16671
25	5	28	3	-1.10194
25	5	28	4	-1.04363
25	5	28	5	-1.12168
25	5	28	6	-1.2626
25	6	28	1	-1.40906
25	6	28	2	-1.21127
25	6	28	3	-1.15405
25	6	28	4	-1.06184
25	6	28	5	-1.14275
25	6	28	6	-1.28138
25	7	28	1	-1.36254
25	7	28	2	-1.15539
25	7	28	3	-1.11376
25	7	28	4	-1.07225
25	7	28	5	-1.18057
25	7	28	6	-1.31892
25	8	28	1	-1.33323
25	8	28	2	-1.13906
25	8	28	3	-1.08829
25	8	28	4	-1.05186
25	8	28	5	-1.13748
25	8	28	6	-1.27462
25	1	29	1	-1.85544
25	1	29	2	-1.95378
25	1	29	3	-1.82905
25	1	29	4	-1.70908
25	1	29	5	-0.796447
25	1	29	6	-1.96967
25	1	29	7	-1.95954
25	1	29	8	-1.98466
25	2	29	1	-1.70067
25	2	29	2	-1.99409
25	2	29	3	-1.42077
25	2	29	4	-1.73625
25	2	29	5	-0.449025
25	2	29	6	-2.00998
25	2	29	7	-1.99985
25	2	29	8	-2.01881
25	3	29	1	-1.85544
25	3	29	2	-1.95378
25	3	29	3	-1.83161
25	3	29	4	-1.70908
25	3	29	5	-0.819737
25	3	29	6	-1.96967
25	3	29	7	-1.95954
25	3	29	8	-1.98466
25	4	29	1	-1.85544
25	4	29	2	-1.95378
25	4	29	3	-1.82379
25	4	29	4	-1.70908
25	4	29	5	-0.782817
25	4	29	6	-1.96967
25	4	29	7	-1.95954
25	4	29	8	-1.98466
25	5	29	1	-1.85545
25	5	29	2	-1.95378
25	5	29	3	-1.84652
25	5	29	4	-1.70907
25	5	29	5	-0.839475
25	5	29	6	-1.96967
25	5	29	7	-1.95954
25	5	29	8	-1.98466
25	6	29	1	-1.89637
25	6	29	2	-2.05738
25	6	29	3	-1.65802
25	6	29	4	-1.78492
25	6	29	5	-0.716823
25	6	29	6	-2.07327
25	6	29	7	-2.06314
25	6	29	8	-2.08985
25	7	29	1	-2.07304
25	7	29	2	-1.99284
25	7	29	3	-1.82818
25	7	29	4	-1.95888
25	7	29	5	-0.623175
25	7	29	6	-2.00873
25	7	29	7	-1.9986
25	7	29	8	-2.02123
25	8	29	1	-1.99415
25	8	29	2	-2.02735
25	8	29	3	-1.8129
25	8	29	4	-1.93561
25	8	29	5	-0.705277
25	8	29	6	-2.04324
25	8	29	7	-2.03311
25	8	29	8	-2.06161
25	1	34	1	0
25	1	34	2	0
25	1	34	3	-4.32593e-05
25	1	34	4	0
25	1	34	5	0
25	1	34	6	0
25	2	34	1	0
25	2	34	2	0
25	2	34	3	-4.32593e-05
25	2	34	4	0
25	2	34	5	0
25	2	34	6	0
25	3	34	1	0
25	3	34	2	0
25	3	34	3	-4.32593e-05
25	3	34	4	0
25	3	34	5	0
25	3	34	6	0
25	4	34	1	0
25	4	34	2	0
25	4	34	3	-4.32593e-05
25	4	34	4	0
25	4	34	5	0
25	4	34	6	0
25	5	34	1	0
25	5	34	2	0
25	5	34	3	-4.32593e-05
25	5	34	4	0
25	5	34	5	0
25	5	34	6	0
25	6	34	1	0
25	6	34	2	0
25	6	34	3	-4.32593e-05
25	6	34	4	0
25	6	34	5	0
25	6	34	6	0
25	7	34	1	0
25	7	34	2	0
25	7	34	3	-4.32593e-05
25	7	34	4	0
25	7	34	5	0
25	7	34	6	0
25	8	34	1	0
25	8	34	2	0
25	8	34	3	-4.32593e-05
25	8	34	4	0
25	8	34	5	0
25	8	34	6	0
27	1	28	1	0.543028
27	1	28	2	0.536999
27	1	28	3	0.548385
27	1	28	4	0.412365
27	1	28	5	0.541941
27	1	28	6	0.686967
27	1	29	1	0.036872
27	1	29	2	0.0396356
27	1	29	3	0.0141092
27	1	29	4	0.0368897
27	1	29	5	0.00356624
27	1	29	6	0.0396356
27	1	29	7	0.0396356
27	1	29	8	0.0396356
27	1	34	1	6.01533
27	1	34	2	-0.373762
27	1	34	3	0.313678
27	1	34	4	-0.375061
27	1	34	5	-0.231383
27	1	34	6	0.837781
28	1	29	1	0.608012
28	1	29	2	0.828725
28	1	29	3	0.600953
28	1	29	4	0.650422
28	1	29	5	0.611581
28	1	29	6	0.837469
28	1	29	7	0.835075
28	1	29	8	0.850424
28	2	29	1	0.60611
28	2	29	2	0.826823
28	2	29	3	0.599051
28	2	29	4	0.648523
28	2	29	5	0.61101
28	2	29	6	0.835567
28	2	29	7	0.833174
28	2	29	8	0.848522
28	3	29	1	0.590549
28	3	29	2	0.811262
28	3	29	3	0.58349
28	3	29	4	0.632968
28	3	29	5	0.599973
28	3	29	6	0.820007
28	3	29	7	0.817613
28	3	29	8	0.832962
28	4	29	1	0.539241
28	4	29	2	0.759953
28	4	29	3	0.532181
28	4	29	4	0.58166
28	4	29	5	0.542832
28	4	29	6	0.768698
28	4	29	7	0.766304
28	4	29	8	0.781653
28	5	29	1	0.541313
28	5	29	2	0.762025
28	5	29	3	0.534253
28	5	29	4	0.583732
28	5	29	5	0.544904
28	5	29	6	0.77077
28	5	29	7	0.768376
28	5	29	8	0.783725
28	6	29	1	0.556059
28	6	29	2	0.776772
28	6	29	3	0.549
28	6	29	4	0.598478
28	6	29	5	0.559651
28	6	29	6	0.785516
28	6	29	7	0.783122
28	6	29	8	0.798471
28	1	34	1	-0.058657
28	1	34	2	57.6818
28	1	34	3	147.781
28	1	34	4	6.87428
28	1	34	5	80.2714
28	1	34	6	7.71162
28	2	34	1	-0.202981
28	2	34	2	8.41096
28	2	34	3	34.7567
28	2	34	4	2.26689
28	2	34	5	68.4766
28	2	34	6	7.62674
28	3	34	1	-0.336099
28	3	34	2	0.130963
28	3	34	3	5.30328
28	3	34	4	-0.302568
28	3	34	5	6.42056
28	3	34	6	7.41607
28	4	34	1	-0.269408
28	4	34	2	0.783918
28	4	34	3	13.7333
28	4	34	4	1.54197
28	4	34	5	49.8546
28	4	34	6	7.8854
28	5	34	1	0.066999
28	5	34	2	8.08883
28	5	34	3	142.212
28	5	34	4	11.2336
28	5	34	5	218.789
28	5	34	6	9.25609
28	6	34	1	0.446127
28	6	34	2	52.9094
28	6	34	3	292.184
28	6	34	4	15.5322
28	6	34	5	259.149
28	6	34	6	10.6745
29	1	34	1	-0.00750206
29	1	34	2	0
29	1	34	3	0.00523041
29	1	34	4	0
29	1	34	5	-0.0329727
29	1	34	6	-0.0239839
29	2	34	1	-0.00750206
29	2	34	2	0
29	2	34	3	0.00523041
29	2	34	4	0
29	2	34	5	-0.0329727
29	2	34	6	-0.0239839
29	3	34	1	-0.00750206
29	3	34	2	0
29	3	34	3	0.00523041
29	3	34	4	0
29	3	34	5	-0.0329727
29	3	34	6	-0.0239839
29	4	34	1	-0.00750206
29	4	34	2	0
29	4	34	3	0.00523041
29	4	34	4	0
29	4	34	5	-0.0329727
29	4	34	6	-0.0239839
29	5	34	1	-0.00750206
29	5	34	2	0
29	5	34	3	0.00523041
29	5	34	4	0
29	5	34	5	-0.0329727
29	5	34	6	-0.0239839
29	6	34	1	-0.00750206
29	6	34	2	0
29	6	34	3	0.00523041
29	6	34	4	0
29	6	34	5	-0.0329727
29	6	34	6	-0.0239839
29	7	34	1	-0.00750206
29	7	34	2	0
29	7	34	3	0.00523041
29	7	34	4	0
29	7	34	5	-0.0329727
29	7	34	6	-0.0239839
29	8	34	1	-0.00750206
29	8	34	2	0
29	8	34	3	0.00523041
29	8	34	4	0
29	8	34	5	-0.0329727
29	8	34	6	-0.0239839
[END TWOBODY SEQPOS1/ROTINDEX1/SEQPOS2/ROTINDEX2/ENERGY]
