[BEGIN ONEBODY SEQPOS/ROTINDEX/ENERGY]
4	1	-1.2026
5	1	-2.54687
5	2	-2.99673
5	3	-3.0967
5	4	-2.62585
5	5	-2.72424
5	6	-2.317
5	7	-2.5331
5	8	-2.30654
5	9	0.562353
5	10	-1.92119
5	11	-1.07394
5	12	-1.34426
5	13	-0.64906
8	1	553.333
17	1	363.181
18	1	127.759
24	1	-2.8948
35	1	-1.1161
35	2	-1.60543
35	3	-1.99463
35	4	1.88979
35	5	-1.31985
35	6	-0.870679
35	7	7.62426
35	8	5.83114
35	9	7.72609
35	10	0.701846
35	11	0.754539
35	12	1.15902
37	1	363.194
38	1	2.8572
39	1	1.45
39	2	-0.00377083
39	3	0.563647
39	4	0.923372
39	5	0.831039
39	6	1.30106
39	7	1.34616
39	8	0.570148
39	9	0.631816
39	10	1.30605
39	11	0.783597
39	12	1.2246
39	13	1.77604
39	14	1.38676
39	15	1.80146
39	16	1.58919
39	17	1.14506
39	18	1.93635
39	19	2.62112
39	20	2.09259
39	21	2.23077
39	22	2.00611
39	23	2.59811
39	24	1.50204
39	25	2.26489
39	26	2.93703
39	27	2.19951
39	28	3.51744
39	29	2.64771
[END ONEBODY SEQPOS/ROTINDEX/ENERGY]
[BEGIN TWOBODY SEQPOS1/ROTINDEX1/SEQPOS2/ROTINDEX2/ENERGY]
4	1	5	1	0.283194
4	1	5	2	0.282919
4	1	5	3	0.28256
4	1	5	4	0.28309
4	1	5	5	0.282977
4	1	5	6	0.28235
4	1	5	7	0.282827
4	1	5	8	0.282888
4	1	5	9	0.211057
4	1	5	10	0.24671
4	1	5	11	0.271458
4	1	5	12	0.270598
4	1	5	13	0.269598
4	1	8	1	20.4192
4	1	17	1	50.2548
4	1	18	1	1245.53
4	1	24	1	3651.3
4	1	35	1	-0.0916297
4	1	35	2	-0.0916697
4	1	35	3	-0.091702
4	1	35	4	-0.0916579
4	1	35	5	-0.0916666
4	1	35	6	-0.0917191
4	1	35	7	-0.0917216
4	1	35	8	-0.125122
4	1	35	9	-0.124464
4	1	35	10	-0.091808
4	1	35	11	-0.0920424
4	1	35	12	-0.0918614
4	1	37	1	-1.01885
4	1	38	1	2710.93
4	1	39	1	-0.0721896
4	1	39	2	-0.07219
4	1	39	3	-0.0721901
4	1	39	4	-0.0721895
4	1	39	5	-0.0721894
4	1	39	6	-0.0721897
4	1	39	7	-0.0721893
4	1	39	8	-0.0721901
4	1	39	9	-0.07219
4	1	39	10	-0.0721895
4	1	39	11	-0.07219
4	1	39	12	-0.0721895
4	1	39	13	-0.0721894
4	1	39	14	-0.0721894
4	1	39	15	-0.0721892
4	1	39	16	-0.0721901
4	1	39	17	-0.0721901
4	1	39	18	-0.0721898
4	1	39	19	-0.0721898
4	1	39	20	-0.0721897
4	1	39	21	-0.0721897
4	1	39	22	-0.07219
4	1	39	23	-0.0721901
4	1	39	24	-0.0721899
4	1	39	25	-0.07219
4	1	39	26	-0.0721893
4	1	39	27	-0.07219
4	1	39	28	-0.0721896
4	1	39	29	-0.07219
5	1	8	1	-1.43715
5	2	8	1	-1.4376
5	3	8	1	-1.43796
5	4	8	1	-1.43738
5	5	8	1	-1.43753
5	6	8	1	-1.43813
5	7	8	1	-1.43773
5	8	8	1	-1.4378
5	9	8	1	-1.24447
5	10	8	1	-1.45199
5	11	8	1	-1.43867
5	12	8	1	-1.4384
5	13	8	1	-1.43582
5	1	17	1	-0.0363345
5	2	17	1	-0.0363345
5	3	17	1	-0.0363345
5	4	17	1	-0.0363345
5	5	17	1	-0.0363345
5	6	17	1	-0.0363345
5	7	17	1	-0.0363345
5	8	17	1	-0.0363345
5	9	17	1	-0.0363345
5	10	17	1	-0.0363345
5	11	17	1	-0.0363345
5	12	17	1	-0.0363345
5	13	17	1	-0.0363345
5	1	18	1	0.381032
5	2	18	1	0.380815
5	3	18	1	0.380731
5	4	18	1	0.380812
5	5	18	1	0.38081
5	6	18	1	0.381099
5	7	18	1	0.380741
5	8	18	1	0.380058
5	9	18	1	0.381382
5	10	18	1	0.381307
5	11	18	1	0.380599
5	12	18	1	0.379971
5	13	18	1	0.38054
5	1	24	1	-0.0809058
5	2	24	1	-0.0808308
5	3	24	1	-0.0808042
5	4	24	1	-0.0808563
5	5	24	1	-0.0808292
5	6	24	1	-0.0808156
5	7	24	1	-0.0808076
5	8	24	1	-0.0821983
5	9	24	1	-0.0810525
5	10	24	1	-0.0810252
5	11	24	1	-0.0807652
5	12	24	1	-0.0806156
5	13	24	1	-0.0807488
5	1	35	1	-0.584511
5	1	35	2	-0.64417
5	1	35	3	-0.468682
5	1	35	4	-0.791376
5	1	35	5	-0.502306
5	1	35	6	-0.659367
5	1	35	7	-0.748647
5	1	35	8	416.625
5	1	35	9	4.83687
5	1	35	10	-0.636505
5	1	35	11	-0.483708
5	1	35	12	-0.621136
5	2	35	1	-0.64417
5	2	35	2	-0.690015
5	2	35	3	-0.64489
5	2	35	4	-0.835315
5	2	35	5	-0.752071
5	2	35	6	-0.705844
5	2	35	7	-0.794605
5	2	35	8	420.107
5	2	35	9	1.50071
5	2	35	10	-0.682255
5	2	35	11	-0.869152
5	2	35	12	-0.687824
5	3	35	1	-0.468682
5	3	35	2	-0.64489
5	3	35	3	0.661124
5	3	35	4	-0.793181
5	3	35	5	0.693599
5	3	35	6	-0.658689
5	3	35	7	-0.745642
5	3	35	8	970.452
5	3	35	9	5.14602
5	3	35	10	-0.584026
5	3	35	11	35.1223
5	3	35	12	-0.531879
5	4	35	1	-0.791376
5	4	35	2	-0.835315
5	4	35	3	-0.793181
5	4	35	4	-0.980404
5	4	35	5	-0.893065
5	4	35	6	-0.851398
5	4	35	7	-0.93961
5	4	35	8	419.947
5	4	35	9	1.2764
5	4	35	10	-0.828426
5	4	35	11	-0.987664
5	4	35	12	-0.828074
5	5	35	1	-0.502306
5	5	35	2	-0.752071
5	5	35	3	0.693599
5	5	35	4	-0.893065
5	5	35	5	4.08974
5	5	35	6	-0.769498
5	5	35	7	-0.856559
5	5	35	8	1168.71
5	5	35	9	197.194
5	5	35	10	-0.638304
5	5	35	11	39.4336
5	5	35	12	-0.600392
5	6	35	1	-0.659367
5	6	35	2	-0.705844
5	6	35	3	-0.658689
5	6	35	4	-0.851398
5	6	35	5	-0.769498
5	6	35	6	-0.721631
5	6	35	7	-0.810871
5	6	35	8	428.363
5	6	35	9	1.51265
5	6	35	10	-0.697039
5	6	35	11	-0.858188
5	6	35	12	-0.702405
5	7	35	1	-0.0721003
5	7	35	2	-1.02092
5	7	35	3	-0.113555
5	7	35	4	-1.18761
5	7	35	5	8.0979
5	7	35	6	-1.01896
5	7	35	7	-1.14782
5	7	35	8	1217.04
5	7	35	9	5.10959
5	7	35	10	-0.492694
5	7	35	11	558.137
5	7	35	12	-0.854866
5	8	35	1	-0.748647
5	8	35	2	-0.794605
5	8	35	3	-0.745642
5	8	35	4	-0.93961
5	8	35	5	-0.856559
5	8	35	6	-0.810871
5	8	35	7	-0.897665
5	8	35	8	432.956
5	8	35	9	1.25989
5	8	35	10	-0.783625
5	8	35	11	-0.926
5	8	35	12	-0.781571
5	9	35	1	416.625
5	9	35	2	420.107
5	9	35	3	970.452
5	9	35	4	419.947
5	9	35	5	1168.71
5	9	35	6	428.363
5	9	35	7	432.956
5	9	35	8	3158.84
5	9	35	9	2038.52
5	9	35	10	357.584
5	9	35	11	1010.03
5	9	35	12	395.108
5	10	35	1	4.83687
5	10	35	2	1.50071
5	10	35	3	5.14602
5	10	35	4	1.2764
5	10	35	5	197.194
5	10	35	6	1.51265
5	10	35	7	1.25989
5	10	35	8	2038.52
5	10	35	9	333.378
5	10	35	10	12.8908
5	10	35	11	1179.27
5	10	35	12	16.2193
5	11	35	1	-0.636505
5	11	35	2	-0.682255
5	11	35	3	-0.584026
5	11	35	4	-0.828426
5	11	35	5	-0.638304
5	11	35	6	-0.697039
5	11	35	7	-0.783625
5	11	35	8	357.584
5	11	35	9	12.8908
5	11	35	10	-0.66022
5	11	35	11	-0.761944
5	11	35	12	-0.653614
5	12	35	1	-0.483708
5	12	35	2	-0.869152
5	12	35	3	35.1223
5	12	35	4	-0.987664
5	12	35	5	39.4336
5	12	35	6	-0.858188
5	12	35	7	-0.926
5	12	35	8	1010.03
5	12	35	9	1179.27
5	12	35	10	-0.761944
5	12	35	11	2.29628
5	12	35	12	-0.324683
5	13	35	1	-0.621136
5	13	35	2	-0.687823
5	13	35	3	-0.531879
5	13	35	4	-0.828074
5	13	35	5	-0.600392
5	13	35	6	-0.702405
5	13	35	7	-0.781571
5	13	35	8	395.108
5	13	35	9	16.2193
5	13	35	10	-0.653614
5	13	35	11	-0.324683
5	13	35	12	-0.646938
5	1	37	1	0.00111946
5	2	37	1	0.00112904
5	3	37	1	0.00113195
5	4	37	1	0.00112892
5	5	37	1	0.00112922
5	6	37	1	0.00113315
5	7	37	1	0.0011316
5	8	37	1	0.00113837
5	9	37	1	0.000310068
5	10	37	1	0.000121474
5	11	37	1	0.00113555
5	12	37	1	0.00113925
5	13	37	1	0.00113677
5	1	38	1	126.957
5	2	38	1	126.946
5	3	38	1	126.945
5	4	38	1	127.029
5	5	38	1	126.948
5	6	38	1	126.937
5	7	38	1	127.086
5	8	38	1	126.874
5	9	38	1	126.946
5	10	38	1	126.996
5	11	38	1	126.97
5	12	38	1	126.95
5	13	38	1	126.97
5	1	39	1	-0.520884
5	1	39	2	3.65248
5	1	39	3	6.57214
5	1	39	4	-0.524146
5	1	39	5	-0.534535
5	1	39	6	0.102882
5	1	39	7	-0.239617
5	1	39	8	5.90994
5	1	39	9	3.30129
5	1	39	10	-0.236464
5	1	39	11	4.46996
5	1	39	12	-0.523031
5	1	39	13	-0.46618
5	1	39	14	-0.260059
5	1	39	15	-0.481832
5	1	39	16	4.41927
5	1	39	17	3.93028
5	1	39	18	158.066
5	1	39	19	-0.444021
5	1	39	20	-0.390437
5	1	39	21	42.5038
5	1	39	22	212.446
5	1	39	23	5.41046
5	1	39	24	1405.39
5	1	39	25	173.462
5	1	39	26	-0.516363
5	1	39	27	399.354
5	1	39	28	1.8396
5	1	39	29	3.96269
5	2	39	1	-0.348749
5	2	39	2	4.6484
5	2	39	3	8.37411
5	2	39	4	-0.334312
5	2	39	5	-0.354174
5	2	39	6	67.1898
5	2	39	7	0.293122
5	2	39	8	7.48663
5	2	39	9	4.46598
5	2	39	10	-0.0563219
5	2	39	11	5.6132
5	2	39	12	-0.340063
5	2	39	13	-0.258985
5	2	39	14	0.421727
5	2	39	15	-0.325286
5	2	39	16	5.78477
5	2	39	17	5.28095
5	2	39	18	835.648
5	2	39	19	0.305387
5	2	39	20	0.604936
5	2	39	21	49.55
5	2	39	22	866.003
5	2	39	23	7.00411
5	2	39	24	1414.41
5	2	39	25	198.768
5	2	39	26	-0.41178
5	2	39	27	430.152
5	2	39	28	591.67
5	2	39	29	5.301
5	3	39	1	-0.801389
5	3	39	2	14.1963
5	3	39	3	17.9948
5	3	39	4	-0.668377
5	3	39	5	-0.774464
5	3	39	6	17.8557
5	3	39	7	512.935
5	3	39	8	815.445
5	3	39	9	11.2162
5	3	39	10	1.96565
5	3	39	11	17.2637
5	3	39	12	-0.625212
5	3	39	13	-0.601998
5	3	39	14	14.3837
5	3	39	15	0.931391
5	3	39	16	14.106
5	3	39	17	367.891
5	3	39	18	1882.21
5	3	39	19	1.08683
5	3	39	20	3.57263
5	3	39	21	1252.04
5	3	39	22	899.338
5	3	39	23	15.9977
5	3	39	24	2274.54
5	3	39	25	535.39
5	3	39	26	-0.752222
5	3	39	27	1667
5	3	39	28	296.423
5	3	39	29	13.1795
5	4	39	1	28.2355
5	4	39	2	60.2582
5	4	39	3	73.5928
5	4	39	4	31.3607
5	4	39	5	33.9398
5	4	39	6	701.483
5	4	39	7	33.5928
5	4	39	8	66.4129
5	4	39	9	59.3119
5	4	39	10	30.4377
5	4	39	11	64.7751
5	4	39	12	31.0478
5	4	39	13	35.0965
5	4	39	14	33.1158
5	4	39	15	33.449
5	4	39	16	67.4384
5	4	39	17	59.8834
5	4	39	18	1672.44
5	4	39	19	370.02
5	4	39	20	367.124
5	4	39	21	645.1
5	4	39	22	1769.38
5	4	39	23	71.7606
5	4	39	24	1411.47
5	4	39	25	608.365
5	4	39	26	43.436
5	4	39	27	749.876
5	4	39	28	2221.95
5	4	39	29	63.1986
5	5	39	1	-0.373872
5	5	39	2	10.3852
5	5	39	3	12.237
5	5	39	4	-0.279457
5	5	39	5	-0.329296
5	5	39	6	0.326467
5	5	39	7	146.947
5	5	39	8	526.786
5	5	39	9	6.7965
5	5	39	10	2.43709
5	5	39	11	11.8782
5	5	39	12	-0.349081
5	5	39	13	-0.16237
5	5	39	14	0.719319
5	5	39	15	1.67605
5	5	39	16	8.83119
5	5	39	17	24.2382
5	5	39	18	647.725
5	5	39	19	-0.107846
5	5	39	20	0.583824
5	5	39	21	589.712
5	5	39	22	353.86
5	5	39	23	10.5757
5	5	39	24	2872.89
5	5	39	25	325.857
5	5	39	26	-0.455947
5	5	39	27	1787.44
5	5	39	28	2.76919
5	5	39	29	8.17959
5	6	39	1	-0.378389
5	6	39	2	9.45456
5	6	39	3	16.1371
5	6	39	4	-0.372794
5	6	39	5	-0.385091
5	6	39	6	1.52382
5	6	39	7	-0.244721
5	6	39	8	13.3589
5	6	39	9	9.14166
5	6	39	10	-0.118744
5	6	39	11	12.0398
5	6	39	12	-0.373848
5	6	39	13	-0.301155
5	6	39	14	-0.0916458
5	6	39	15	-0.399205
5	6	39	16	12.0522
5	6	39	17	9.40626
5	6	39	18	178.693
5	6	39	19	0.13648
5	6	39	20	0.158088
5	6	39	21	56.8116
5	6	39	22	311.074
5	6	39	23	14.1299
5	6	39	24	1141.52
5	6	39	25	230.199
5	6	39	26	-0.361928
5	6	39	27	468.537
5	6	39	28	77.2705
5	6	39	29	11.0395
5	7	39	1	87.3247
5	7	39	2	1111.9
5	7	39	3	849.008
5	7	39	4	96.1035
5	7	39	5	104.327
5	7	39	6	79.3936
5	7	39	7	1522.35
5	7	39	8	2423.76
5	7	39	9	784.015
5	7	39	10	616.19
5	7	39	11	1157.38
5	7	39	12	93.1877
5	7	39	13	112.907
5	7	39	14	101.416
5	7	39	15	483.311
5	7	39	16	790.307
5	7	39	17	1319.76
5	7	39	18	939.646
5	7	39	19	79.1745
5	7	39	20	82.1729
5	7	39	21	1368.75
5	7	39	22	1202.94
5	7	39	23	828.494
5	7	39	24	2851.85
5	7	39	25	1698.5
5	7	39	26	45.8953
5	7	39	27	3333.33
5	7	39	28	123.805
5	7	39	29	813.14
5	8	39	1	9.67214
5	8	39	2	68.9842
5	8	39	3	80.9847
5	8	39	4	9.77524
5	8	39	5	9.85107
5	8	39	6	104.362
5	8	39	7	10.111
5	8	39	8	75.0662
5	8	39	9	67.7529
5	8	39	10	10.1505
5	8	39	11	72.3537
5	8	39	12	9.77919
5	8	39	13	9.88416
5	8	39	14	10.2584
5	8	39	15	10.0212
5	8	39	16	76.0957
5	8	39	17	68.891
5	8	39	18	423.308
5	8	39	19	90.1166
5	8	39	20	92.12
5	8	39	21	282.198
5	8	39	22	719.902
5	8	39	23	80.109
5	8	39	24	1175.49
5	8	39	25	514.812
5	8	39	26	10.1585
5	8	39	27	728.132
5	8	39	28	829.551
5	8	39	29	71.1062
5	9	39	1	4.06783
5	9	39	2	578.641
5	9	39	3	133.059
5	9	39	4	3.97605
5	9	39	5	3.94976
5	9	39	6	4.08747
5	9	39	7	10.1445
5	9	39	8	487.756
5	9	39	9	132.73
5	9	39	10	9.89993
5	9	39	11	1114.43
5	9	39	12	3.95696
5	9	39	13	4.66211
5	9	39	14	4.23934
5	9	39	15	38.5532
5	9	39	16	125.242
5	9	39	17	134.712
5	9	39	18	5.8277
5	9	39	19	4.13356
5	9	39	20	4.37992
5	9	39	21	6.95684
5	9	39	22	194.686
5	9	39	23	121.35
5	9	39	24	511.044
5	9	39	25	167.694
5	9	39	26	3.78744
5	9	39	27	476.297
5	9	39	28	3.87049
5	9	39	29	129.694
5	10	39	1	19.2517
5	10	39	2	1701.24
5	10	39	3	719.788
5	10	39	4	24.404
5	10	39	5	37.2789
5	10	39	6	75.962
5	10	39	7	1234.6
5	10	39	8	2421.99
5	10	39	9	669.167
5	10	39	10	716.318
5	10	39	11	1663.33
5	10	39	12	25.4578
5	10	39	13	40.1066
5	10	39	14	49.8746
5	10	39	15	713.109
5	10	39	16	669.911
5	10	39	17	1039.71
5	10	39	18	454.342
5	10	39	19	74.0531
5	10	39	20	82.2797
5	10	39	21	879.672
5	10	39	22	987.309
5	10	39	23	687.514
5	10	39	24	1523.68
5	10	39	25	1402.18
5	10	39	26	11.0498
5	10	39	27	2420.21
5	10	39	28	124.049
5	10	39	29	710.898
5	11	39	1	-0.352346
5	11	39	2	0.826609
5	11	39	3	2.70896
5	11	39	4	-0.354744
5	11	39	5	-0.356906
5	11	39	6	-0.25055
5	11	39	7	-0.40836
5	11	39	8	0.756456
5	11	39	9	0.694623
5	11	39	10	-0.223888
5	11	39	11	1.24571
5	11	39	12	-0.355281
5	11	39	13	-0.330779
5	11	39	14	-0.296888
5	11	39	15	-0.33983
5	11	39	16	1.03618
5	11	39	17	0.849685
5	11	39	18	1.59797
5	11	39	19	-0.38262
5	11	39	20	-0.373518
5	11	39	21	1.06083
5	11	39	22	54.8851
5	11	39	23	1.53903
5	11	39	24	297.433
5	11	39	25	35.9914
5	11	39	26	-0.35074
5	11	39	27	96.4085
5	11	39	28	-0.169724
5	11	39	29	1.06435
5	12	39	1	-0.356421
5	12	39	2	4.6526
5	12	39	3	4.21614
5	12	39	4	-0.333488
5	12	39	5	-0.356166
5	12	39	6	-0.388434
5	12	39	7	1.68971
5	12	39	8	146.622
5	12	39	9	1.30225
5	12	39	10	1.22162
5	12	39	11	5.41437
5	12	39	12	-0.356851
5	12	39	13	-0.219496
5	12	39	14	-0.220677
5	12	39	15	0.905957
5	12	39	16	1.76453
5	12	39	17	2.43421
5	12	39	18	3.67712
5	12	39	19	-0.420069
5	12	39	20	-0.317552
5	12	39	21	4.28507
5	12	39	22	61.2171
5	12	39	23	2.37471
5	12	39	24	870.826
5	12	39	25	42.4842
5	12	39	26	-0.37414
5	12	39	27	637.174
5	12	39	28	-0.467955
5	12	39	29	1.76216
5	13	39	1	-0.34162
5	13	39	2	0.941289
5	13	39	3	1.83718
5	13	39	4	-0.342691
5	13	39	5	-0.342425
5	13	39	6	-0.206886
5	13	39	7	0.619442
5	13	39	8	2.36459
5	13	39	9	0.479951
5	13	39	10	0.0531909
5	13	39	11	1.09468
5	13	39	12	-0.323093
5	13	39	13	-0.277736
5	13	39	14	0.0213006
5	13	39	15	-0.116923
5	13	39	16	0.70867
5	13	39	17	1.53215
5	13	39	18	365.71
5	13	39	19	-0.351174
5	13	39	20	-0.252118
5	13	39	21	9.84
5	13	39	22	55.9424
5	13	39	23	1.01156
5	13	39	24	1178.21
5	13	39	25	32.7035
5	13	39	26	-0.343264
5	13	39	27	102.591
5	13	39	28	2.29513
5	13	39	29	0.744698
8	1	17	1	2.54892
8	1	18	1	1628.8
8	1	24	1	403.743
8	1	35	1	127.123
8	1	35	2	127.113
8	1	35	3	127.113
8	1	35	4	127.194
8	1	35	5	127.116
8	1	35	6	127.103
8	1	35	7	127.039
8	1	35	8	127.098
8	1	35	9	127.143
8	1	35	10	127.136
8	1	35	11	127.113
8	1	35	12	127.135
8	1	37	1	0.0283931
8	1	38	1	653.552
8	1	39	1	0.0342873
8	1	39	2	0.0342358
8	1	39	3	0.0350264
8	1	39	4	0.0342873
8	1	39	5	0.0342873
8	1	39	6	0.0342873
8	1	39	7	0.0342873
8	1	39	8	0.0341992
8	1	39	9	0.0342344
8	1	39	10	0.0342873
8	1	39	11	0.0377885
8	1	39	12	0.0342873
8	1	39	13	0.0342873
8	1	39	14	0.0342873
8	1	39	15	0.0342873
8	1	39	16	0.0341833
8	1	39	17	0.034247
8	1	39	18	0.0342873
8	1	39	19	0.0342873
8	1	39	20	0.0342873
8	1	39	21	0.0342873
8	1	39	22	0.0342438
8	1	39	23	0.0341349
8	1	39	24	0.0342094
8	1	39	25	0.034294
8	1	39	26	0.0342873
8	1	39	27	0.0342857
8	1	39	28	0.0342873
8	1	39	29	0.0341896
17	1	18	1	0.247601
17	1	24	1	-1.01885
17	1	38	1	12.4038
18	1	24	1	2710.93
18	1	35	1	-0.00214579
18	1	35	2	-0.00214579
18	1	35	3	-0.00214579
18	1	35	4	-0.00214579
18	1	35	5	-0.00214579
18	1	35	6	-0.00214579
18	1	35	7	-0.00214579
18	1	35	8	-0.00214579
18	1	35	9	-0.00214579
18	1	35	10	-0.00214579
18	1	35	11	-0.00214579
18	1	35	12	-0.00214579
18	1	37	1	12.4038
18	1	38	1	1591.17
18	1	39	1	0.099714
18	1	39	2	0.099714
18	1	39	3	0.099714
18	1	39	4	0.099714
18	1	39	5	0.099714
18	1	39	6	0.099714
18	1	39	7	0.099714
18	1	39	8	0.099714
18	1	39	9	0.099714
18	1	39	10	0.099714
18	1	39	11	0.099714
18	1	39	12	0.099714
18	1	39	13	0.099714
18	1	39	14	0.099714
18	1	39	15	0.099714
18	1	39	16	0.099714
18	1	39	17	0.099714
18	1	39	18	0.099714
18	1	39	19	0.099714
18	1	39	20	0.099714
18	1	39	21	0.099714
18	1	39	22	0.0997112
18	1	39	23	0.099714
18	1	39	24	0.0997117
18	1	39	25	0.099714
18	1	39	26	0.099714
18	1	39	27	0.099714
18	1	39	28	0.099714
18	1	39	29	0.099714
24	1	35	1	-0.00575023
24	1	35	2	-0.00575023
24	1	35	3	-0.00575023
24	1	35	4	-0.00575023
24	1	35	5	-0.00575023
24	1	35	6	-0.00575023
24	1	35	7	-0.00575023
24	1	35	8	-0.00575023
24	1	35	9	-0.00575023
24	1	35	10	-0.00575023
24	1	35	11	-0.00575023
24	1	35	12	-0.00575023
24	1	37	1	50.2548
24	1	38	1	1245.53
24	1	39	1	-0.174453
24	1	39	2	-0.17447
24	1	39	3	-0.174471
24	1	39	4	-0.17445
24	1	39	5	-0.17445
24	1	39	6	-0.174455
24	1	39	7	-0.174447
24	1	39	8	-0.17447
24	1	39	9	-0.174469
24	1	39	10	-0.17445
24	1	39	11	-0.174468
24	1	39	12	-0.17445
24	1	39	13	-0.174449
24	1	39	14	-0.17445
24	1	39	15	-0.174447
24	1	39	16	-0.174472
24	1	39	17	-0.17447
24	1	39	18	-0.174457
24	1	39	19	-0.174457
24	1	39	20	-0.174457
24	1	39	21	-0.174455
24	1	39	22	-0.174467
24	1	39	23	-0.174472
24	1	39	24	-0.174463
24	1	39	25	-0.174469
24	1	39	26	-0.174448
24	1	39	27	-0.174464
24	1	39	28	-0.174453
24	1	39	29	-0.174469
35	1	37	1	0.0381322
35	2	37	1	0.0383158
35	3	37	1	0.0384029
35	4	37	1	0.0382879
35	5	37	1	0.0383104
35	6	37	1	0.0384408
35	7	37	1	0.0385035
35	8	37	1	0.0373906
35	9	37	1	0.0376747
35	10	37	1	0.0355227
35	11	37	1	0.0352628
35	12	37	1	0.0326684
35	1	38	1	-1.3163
35	2	38	1	-1.31669
35	3	38	1	-1.31709
35	4	38	1	-1.31645
35	5	38	1	-1.31662
35	6	38	1	-1.31728
35	7	38	1	-1.31674
35	8	38	1	-1.12502
35	9	38	1	-1.33519
35	10	38	1	-1.31938
35	11	38	1	-1.31863
35	12	38	1	-1.31613
35	1	39	1	-1.9481
35	1	39	2	371.134
35	1	39	3	266.653
35	1	39	4	-1.20578
35	1	39	5	-1.58858
35	1	39	6	-1.94778
35	1	39	7	-0.323576
35	1	39	8	3.03418
35	1	39	9	0.0145177
35	1	39	10	16.0062
35	1	39	11	646.207
35	1	39	12	-1.91242
35	1	39	13	0.216593
35	1	39	14	-1.8657
35	1	39	15	166.104
35	1	39	16	3.59014
35	1	39	17	-1.66862
35	1	39	18	-1.81148
35	1	39	19	-1.94564
35	1	39	20	-1.85814
35	1	39	21	-1.80019
35	1	39	22	-1.89882
35	1	39	23	-0.612321
35	1	39	24	-1.25522
35	1	39	25	-1.69167
35	1	39	26	-1.93458
35	1	39	27	-1.23003
35	1	39	28	-1.95696
35	1	39	29	-1.70907
35	2	39	1	-2.04261
35	2	39	2	-1.24364
35	2	39	3	80.6663
35	2	39	4	-1.9566
35	2	39	5	-1.98554
35	2	39	6	-1.96105
35	2	39	7	-1.6834
35	2	39	8	-1.08217
35	2	39	9	-2.13753
35	2	39	10	-1.85727
35	2	39	11	292.998
35	2	39	12	-1.98399
35	2	39	13	-1.70297
35	2	39	14	-1.9846
35	2	39	15	-0.382501
35	2	39	16	-2.2715
35	2	39	17	-2.22023
35	2	39	18	-1.97695
35	2	39	19	-1.95844
35	2	39	20	-1.9592
35	2	39	21	-1.98408
35	2	39	22	-1.97293
35	2	39	23	-1.65911
35	2	39	24	-1.59082
35	2	39	25	-2.0563
35	2	39	26	-2.00187
35	2	39	27	-1.94772
35	2	39	28	-1.97111
35	2	39	29	-2.17731
35	3	39	1	-2.02561
35	3	39	2	104.562
35	3	39	3	77.9122
35	3	39	4	-1.92386
35	3	39	5	-1.9662
35	3	39	6	-1.95224
35	3	39	7	-0.417653
35	3	39	8	28.3315
35	3	39	9	-2.16254
35	3	39	10	-1.2256
35	3	39	11	683.681
35	3	39	12	-1.96564
35	3	39	13	-1.90975
35	3	39	14	-1.93697
35	3	39	15	0.59117
35	3	39	16	-2.37141
35	3	39	17	-1.95141
35	3	39	18	-1.70975
35	3	39	19	-1.94974
35	3	39	20	-1.92138
35	3	39	21	-1.33868
35	3	39	22	-1.90537
35	3	39	23	-1.80253
35	3	39	24	-0.0386177
35	3	39	25	-1.69499
35	3	39	26	-1.99362
35	3	39	27	1.51943
35	3	39	28	-1.95925
35	3	39	29	-2.1105
35	4	39	1	-2.04363
35	4	39	2	-0.571048
35	4	39	3	76.6523
35	4	39	4	-1.96336
35	4	39	5	-1.98633
35	4	39	6	-1.96171
35	4	39	7	-1.70185
35	4	39	8	-1.19511
35	4	39	9	-2.18818
35	4	39	10	-1.87606
35	4	39	11	303.248
35	4	39	12	-1.98476
35	4	39	13	-1.96927
35	4	39	14	-1.98536
35	4	39	15	-0.802029
35	4	39	16	-2.51202
35	4	39	17	-2.23786
35	4	39	18	-1.97678
35	4	39	19	-1.95909
35	4	39	20	-1.95985
35	4	39	21	-1.98571
35	4	39	22	-1.97898
35	4	39	23	-1.90636
35	4	39	24	-1.61197
35	4	39	25	-2.06343
35	4	39	26	-2.00252
35	4	39	27	-1.97399
35	4	39	28	-1.97173
35	4	39	29	-2.19542
35	5	39	1	-2.00036
35	5	39	2	1327.84
35	5	39	3	165.186
35	5	39	4	-1.39937
35	5	39	5	-1.65656
35	5	39	6	-1.97105
35	5	39	7	8.31177
35	5	39	8	395.987
35	5	39	9	-0.986606
35	5	39	10	114.179
35	5	39	11	1423.2
35	5	39	12	-1.96484
35	5	39	13	-1.2078
35	5	39	14	-1.92139
35	5	39	15	227.419
35	5	39	16	-0.596569
35	5	39	17	-2.04168
35	5	39	18	-1.55543
35	5	39	19	-1.96882
35	5	39	20	-1.85567
35	5	39	21	-1.11004
35	5	39	22	-2.05189
35	5	39	23	-1.53755
35	5	39	24	-0.421546
35	5	39	25	-1.09325
35	5	39	26	-1.99133
35	5	39	27	55.8535
35	5	39	28	-1.98429
35	5	39	29	-2.15833
35	6	39	1	-2.04214
35	6	39	2	-1.36856
35	6	39	3	78.5776
35	6	39	4	-1.94211
35	6	39	5	-1.98447
35	6	39	6	-1.96005
35	6	39	7	-1.66412
35	6	39	8	-1.12103
35	6	39	9	-2.12761
35	6	39	10	-1.74912
35	6	39	11	276.018
35	6	39	12	-1.98288
35	6	39	13	-1.80693
35	6	39	14	-1.98351
35	6	39	15	-0.332651
35	6	39	16	-2.33094
35	6	39	17	-2.2073
35	6	39	18	-1.97628
35	6	39	19	-1.95745
35	6	39	20	-1.9582
35	6	39	21	-1.98304
35	6	39	22	-1.97203
35	6	39	23	-1.78018
35	6	39	24	-1.56253
35	6	39	25	-2.03806
35	6	39	26	-2.00094
35	6	39	27	-1.94001
35	6	39	28	-1.97019
35	6	39	29	-2.16509
35	7	39	1	-2.04496
35	7	39	2	-1.39888
35	7	39	3	65.4091
35	7	39	4	-1.96174
35	7	39	5	-1.98651
35	7	39	6	-1.96213
35	7	39	7	-1.71394
35	7	39	8	-1.31434
35	7	39	9	-2.18706
35	7	39	10	-1.92035
35	7	39	11	264.756
35	7	39	12	-1.98475
35	7	39	13	-1.95904
35	7	39	14	-1.98542
35	7	39	15	-0.885187
35	7	39	16	-2.50393
35	7	39	17	-2.23523
35	7	39	18	-1.97841
35	7	39	19	-1.9595
35	7	39	20	-1.96027
35	7	39	21	-1.98581
35	7	39	22	-1.97638
35	7	39	23	-1.8956
35	7	39	24	-1.56257
35	7	39	25	-2.06315
35	7	39	26	-2.00302
35	7	39	27	-1.94655
35	7	39	28	-1.97206
35	7	39	29	-2.19211
35	8	39	1	0.349217
35	8	39	2	222.844
35	8	39	3	248.009
35	8	39	4	0.425229
35	8	39	5	0.329878
35	8	39	6	0.957012
35	8	39	7	58.7246
35	8	39	8	459.619
35	8	39	9	160.677
35	8	39	10	2.33423
35	8	39	11	438.039
35	8	39	12	0.380982
35	8	39	13	0.923363
35	8	39	14	1.31205
35	8	39	15	4.39658
35	8	39	16	157.852
35	8	39	17	165.866
35	8	39	18	156.594
35	8	39	19	0.851169
35	8	39	20	1.36425
35	8	39	21	214.567
35	8	39	22	333.539
35	8	39	23	157.297
35	8	39	24	1415.47
35	8	39	25	301.7
35	8	39	26	0.206858
35	8	39	27	1392.63
35	8	39	28	1.94618
35	8	39	29	160.301
35	9	39	1	-1.982
35	9	39	2	3.14419
35	9	39	3	83.9652
35	9	39	4	-1.90326
35	9	39	5	-1.92215
35	9	39	6	-1.88095
35	9	39	7	0.117354
35	9	39	8	130.063
35	9	39	9	-2.20476
35	9	39	10	-0.994199
35	9	39	11	259.095
35	9	39	12	-1.92289
35	9	39	13	-1.87223
35	9	39	14	-1.78597
35	9	39	15	-0.431736
35	9	39	16	-2.37865
35	9	39	17	-1.25374
35	9	39	18	-0.162893
35	9	39	19	-1.87931
35	9	39	20	-1.77354
35	9	39	21	0.413748
35	9	39	22	-1.61046
35	9	39	23	-1.82335
35	9	39	24	209.908
35	9	39	25	-1.09459
35	9	39	26	-1.95401
35	9	39	27	313.202
35	9	39	28	-1.77696
35	9	39	29	-2.13874
35	10	39	1	-1.42609
35	10	39	2	140.496
35	10	39	3	1117.89
35	10	39	4	0.100159
35	10	39	5	-1.33007
35	10	39	6	-1.91698
35	10	39	7	-0.566296
35	10	39	8	37.8339
35	10	39	9	4.6395
35	10	39	10	3.10501
35	10	39	11	1028.64
35	10	39	12	-1.78729
35	10	39	13	76.2363
35	10	39	14	-1.76312
35	10	39	15	172.212
35	10	39	16	398.419
35	10	39	17	-0.451808
35	10	39	18	-1.80158
35	10	39	19	-1.91335
35	10	39	20	-1.84352
35	10	39	21	-1.95131
35	10	39	22	-1.88401
35	10	39	23	43.1601
35	10	39	24	-1.5531
35	10	39	25	-1.79677
35	10	39	26	-1.76263
35	10	39	27	-1.92841
35	10	39	28	-1.92682
35	10	39	29	-0.334556
35	11	39	1	-0.861224
35	11	39	2	2390.83
35	11	39	3	1385.02
35	11	39	4	47.8194
35	11	39	5	1.18853
35	11	39	6	-2.08772
35	11	39	7	676.933
35	11	39	8	1630.42
35	11	39	9	462.399
35	11	39	10	1431.6
35	11	39	11	2731.09
35	11	39	12	-0.900549
35	11	39	13	266.456
35	11	39	14	-0.222157
35	11	39	15	1674.52
35	11	39	16	738.471
35	11	39	17	281.169
35	11	39	18	-0.703069
35	11	39	19	-2.06171
35	11	39	20	-0.649359
35	11	39	21	63.2434
35	11	39	22	-0.767248
35	11	39	23	371.543
35	11	39	24	4.01284
35	11	39	25	169.098
35	11	39	26	-1.82607
35	11	39	27	608.321
35	11	39	28	-2.03149
35	11	39	29	207.321
35	12	39	1	-2.01823
35	12	39	2	84.5546
35	12	39	3	725.882
35	12	39	4	-1.99066
35	12	39	5	-1.97943
35	12	39	6	-1.97086
35	12	39	7	-0.944669
35	12	39	8	44.0822
35	12	39	9	-0.0381777
35	12	39	10	-0.445407
35	12	39	11	1187.79
35	12	39	12	-2.00068
35	12	39	13	0.589444
35	12	39	14	-1.98858
35	12	39	15	100.775
35	12	39	16	3.77561
35	12	39	17	-0.66825
35	12	39	18	-1.86948
35	12	39	19	-1.96768
35	12	39	20	-1.95164
35	12	39	21	-1.95641
35	12	39	22	-2.03928
35	12	39	23	7.5562
35	12	39	24	-1.59474
35	12	39	25	-1.97498
35	12	39	26	-1.99189
35	12	39	27	-1.77492
35	12	39	28	-1.98301
35	12	39	29	-1.0587
37	1	38	1	0.247601
37	1	39	1	0.0440185
37	1	39	2	0.0365695
37	1	39	3	0.0435779
37	1	39	4	0.0445323
37	1	39	5	0.044717
37	1	39	6	0.0436152
37	1	39	7	0.0453494
37	1	39	8	0.0364986
37	1	39	9	0.036325
37	1	39	10	0.0445222
37	1	39	11	0.0277071
37	1	39	12	0.0445425
37	1	39	13	0.0447994
37	1	39	14	0.0446903
37	1	39	15	0.0453367
37	1	39	16	-0.0475448
37	1	39	17	0.0369424
37	1	39	18	0.0432894
37	1	39	19	0.0431558
37	1	39	20	0.0433095
37	1	39	21	0.0436462
37	1	39	22	0.0370098
37	1	39	23	0.043633
37	1	39	24	0.0362429
37	1	39	25	0.0387125
37	1	39	26	0.0450075
37	1	39	27	0.0383337
37	1	39	28	0.0438858
37	1	39	29	0.0356644
38	1	39	1	0.284484
38	1	39	2	0.226691
38	1	39	3	0.235389
38	1	39	4	0.284216
38	1	39	5	0.283857
38	1	39	6	0.246149
38	1	39	7	0.284252
38	1	39	8	0.22985
38	1	39	9	0.225927
38	1	39	10	0.284387
38	1	39	11	0.229739
38	1	39	12	0.284271
38	1	39	13	0.283649
38	1	39	14	0.284123
38	1	39	15	0.284235
38	1	39	16	0.255978
38	1	39	17	0.226389
38	1	39	18	0.245693
38	1	39	19	0.211942
38	1	39	20	0.247818
38	1	39	21	0.274359
38	1	39	22	0.178896
38	1	39	23	0.234335
38	1	39	24	0.177064
38	1	39	25	0.186223
38	1	39	26	0.272734
38	1	39	27	0.189186
38	1	39	28	0.209655
38	1	39	29	0.228426
[END TWOBODY SEQPOS1/ROTINDEX1/SEQPOS2/ROTINDEX2/ENERGY]
