[BEGIN ONEBODY SEQPOS/ROTINDEX/ENERGY]
4	1	96.5835
5	1	-2.70943
5	2	-2.72239
5	3	-1.54778
5	4	-1.54153
5	5	-1.92407
5	6	-1.95091
5	7	-0.0466346
5	8	-0.0188409
8	1	708.534
24	1	147.749
35	1	0.303645
35	2	0.334277
35	3	-0.651257
35	4	-0.625073
35	5	1.06697
35	6	1.07474
37	1	470.896
38	1	597.993
39	1	1.5135
39	2	1.5135
39	3	2.65915
39	4	2.65915
39	5	2.40567
39	6	2.40567
39	7	1.71763
39	8	1.68176
39	9	2.08514
39	10	2.08595
[END ONEBODY SEQPOS/ROTINDEX/ENERGY]
[BEGIN TWOBODY SEQPOS1/ROTINDEX1/SEQPOS2/ROTINDEX2/ENERGY]
4	1	5	1	0.335077
4	1	5	2	0.335077
4	1	5	3	0.307849
4	1	5	4	0.307849
4	1	5	5	0.336235
4	1	5	6	0.336235
4	1	5	7	0.270208
4	1	5	8	0.270208
4	1	8	1	1283.86
4	1	24	1	4655.11
4	1	35	1	-0.0948078
4	1	35	2	-0.0948078
4	1	35	3	-0.129076
4	1	35	4	-0.129076
4	1	35	5	-0.127077
4	1	35	6	-0.127077
4	1	37	1	10.9947
4	1	38	1	1598.14
4	1	39	1	-0.0398984
4	1	39	2	-0.0398984
4	1	39	3	-0.0398984
4	1	39	4	-0.0398984
4	1	39	5	-0.0398984
4	1	39	6	-0.0398984
4	1	39	7	-0.0398984
4	1	39	8	-0.0398984
4	1	39	9	-0.0398984
4	1	39	10	-0.0398984
5	1	8	1	-1.63162
5	2	8	1	-1.63162
5	3	8	1	-1.69623
5	4	8	1	-1.69623
5	5	8	1	-1.6108
5	6	8	1	-1.6108
5	7	8	1	-1.75586
5	8	8	1	-1.75586
5	1	24	1	0.49942
5	2	24	1	0.49942
5	3	24	1	0.498648
5	4	24	1	0.498648
5	5	24	1	0.49942
5	6	24	1	0.49942
5	7	24	1	0.501013
5	8	24	1	0.501013
5	1	35	1	1136.23
5	1	35	2	1138.3
5	1	35	3	1245.08
5	1	35	4	1259.1
5	1	35	5	1509.86
5	1	35	6	1530.6
5	2	35	1	1138.3
5	2	35	2	1132.21
5	2	35	3	1240.64
5	2	35	4	1251.76
5	2	35	5	1491.67
5	2	35	6	1516.67
5	3	35	1	1245.08
5	3	35	2	1240.64
5	3	35	3	1389.31
5	3	35	4	1401.34
5	3	35	5	1736.21
5	3	35	6	1762.26
5	4	35	1	1259.1
5	4	35	2	1251.76
5	4	35	3	1401.34
5	4	35	4	1413.18
5	4	35	5	1737.81
5	4	35	6	1767.05
5	5	35	1	1141.61
5	5	35	2	1141.19
5	5	35	3	1259.07
5	5	35	4	1268.86
5	5	35	5	1410.82
5	5	35	6	1426.01
5	6	35	1	1129.23
5	6	35	2	1118.58
5	6	35	3	1241.4
5	6	35	4	1247.02
5	6	35	5	1383.53
5	6	35	6	1403.24
5	7	35	1	1509.86
5	7	35	2	1491.67
5	7	35	3	1736.21
5	7	35	4	1737.81
5	7	35	5	2004.32
5	7	35	6	2032.75
5	8	35	1	1530.6
5	8	35	2	1516.67
5	8	35	3	1762.26
5	8	35	4	1767.05
5	8	35	5	2032.75
5	8	35	6	2062.23
5	1	37	1	-0.000992864
5	2	37	1	-0.000992864
5	3	37	1	-0.00240245
5	4	37	1	-0.00240245
5	5	37	1	0.000213361
5	6	37	1	0.000213361
5	7	37	1	0.0010898
5	8	37	1	0.0010898
5	1	38	1	122.893
5	2	38	1	122.893
5	3	38	1	122.89
5	4	38	1	122.89
5	5	38	1	122.946
5	6	38	1	122.946
5	7	38	1	122.96
5	8	38	1	122.96
5	1	39	1	-0.0557302
5	1	39	2	-0.0557302
5	1	39	3	0.1633
5	1	39	4	0.1633
5	1	39	5	-0.0987457
5	1	39	6	-0.0987457
5	1	39	7	2106.12
5	1	39	8	2059.26
5	1	39	9	2376.66
5	1	39	10	2336.76
5	2	39	1	-0.0272903
5	2	39	2	-0.0272903
5	2	39	3	0.182442
5	2	39	4	0.182442
5	2	39	5	-0.0673328
5	2	39	6	-0.0673328
5	2	39	7	2106.95
5	2	39	8	2061.33
5	2	39	9	2383.15
5	2	39	10	2344.24
5	3	39	1	-1.88617
5	3	39	2	-1.88617
5	3	39	3	-1.64099
5	3	39	4	-1.64099
5	3	39	5	-2.01001
5	3	39	6	-2.01001
5	3	39	7	1932.62
5	3	39	8	1891.94
5	3	39	9	2083.07
5	3	39	10	2060.23
5	4	39	1	-1.86857
5	4	39	2	-1.86857
5	4	39	3	-1.62431
5	4	39	4	-1.62431
5	4	39	5	-1.99419
5	4	39	6	-1.99419
5	4	39	7	1932.81
5	4	39	8	1894.04
5	4	39	9	2087.17
5	4	39	10	2065.74
5	5	39	1	8.85212
5	5	39	2	8.85212
5	5	39	3	8.90294
5	5	39	4	8.90294
5	5	39	5	9.40082
5	5	39	6	9.40082
5	5	39	7	2197.67
5	5	39	8	2158.08
5	5	39	9	2568.93
5	5	39	10	2526.39
5	6	39	1	8.8816
5	6	39	2	8.8816
5	6	39	3	8.92101
5	6	39	4	8.92101
5	6	39	5	9.44422
5	6	39	6	9.44422
5	6	39	7	2198.36
5	6	39	8	2159.28
5	6	39	9	2572.86
5	6	39	10	2530.45
5	7	39	1	-1.97932
5	7	39	2	-1.97932
5	7	39	3	-1.72463
5	7	39	4	-1.72463
5	7	39	5	-2.0535
5	7	39	6	-2.0535
5	7	39	7	1765.7
5	7	39	8	1746.66
5	7	39	9	1890.98
5	7	39	10	1886.14
5	8	39	1	-1.98824
5	8	39	2	-1.98824
5	8	39	3	-1.71897
5	8	39	4	-1.71897
5	8	39	5	-2.06995
5	8	39	6	-2.06995
5	8	39	7	1764.78
5	8	39	8	1748.25
5	8	39	9	1890.94
5	8	39	10	1892.2
8	1	24	1	1346.31
8	1	35	1	122.893
8	1	35	2	122.893
8	1	35	3	122.89
8	1	35	4	122.89
8	1	35	5	122.96
8	1	35	6	122.96
8	1	37	1	-1.77099
8	1	38	1	1126.43
8	1	39	1	-0.019401
8	1	39	2	-0.019401
8	1	39	3	-0.019401
8	1	39	4	-0.019401
8	1	39	5	-0.019401
8	1	39	6	-0.019401
8	1	39	7	-0.0263858
8	1	39	8	-0.0263884
8	1	39	9	-0.0201651
8	1	39	10	-0.0201651
24	1	35	1	-0.0962965
24	1	35	2	-0.0962965
24	1	35	3	-0.0946785
24	1	35	4	-0.0946785
24	1	35	5	-0.0963088
24	1	35	6	-0.0963088
24	1	37	1	21.8559
24	1	38	1	1901.21
24	1	39	1	-0.00118566
24	1	39	2	-0.00118566
24	1	39	3	-0.00118566
24	1	39	4	-0.00118566
24	1	39	5	-0.00118566
24	1	39	6	-0.00118566
24	1	39	7	-0.00118566
24	1	39	8	-0.00118566
24	1	39	9	-0.00118566
24	1	39	10	-0.00118566
35	1	37	1	0.0217905
35	2	37	1	0.0217905
35	3	37	1	0.0217912
35	4	37	1	0.0217912
35	5	37	1	0.0211578
35	6	37	1	0.0211578
35	1	38	1	-1.63162
35	2	38	1	-1.63162
35	3	38	1	-1.69623
35	4	38	1	-1.69623
35	5	38	1	-1.75586
35	6	38	1	-1.75586
35	1	39	1	-2.08434
35	1	39	2	-2.08434
35	1	39	3	-2.04251
35	1	39	4	-2.04251
35	1	39	5	-2.15895
35	1	39	6	-2.15895
35	1	39	7	1087.27
35	1	39	8	1145.24
35	1	39	9	1046.36
35	1	39	10	1102.12
35	2	39	1	-2.08196
35	2	39	2	-2.08196
35	2	39	3	-2.05023
35	2	39	4	-2.05023
35	2	39	5	-2.14931
35	2	39	6	-2.14931
35	2	39	7	1109.43
35	2	39	8	1159.28
35	2	39	9	1063.76
35	2	39	10	1115.44
35	3	39	1	-2.04075
35	3	39	2	-2.04075
35	3	39	3	-2.00704
35	3	39	4	-2.00704
35	3	39	5	-2.09571
35	3	39	6	-2.09571
35	3	39	7	1059.19
35	3	39	8	1113.25
35	3	39	9	967.814
35	3	39	10	1021.53
35	4	39	1	-2.0256
35	4	39	2	-2.0256
35	4	39	3	-2.0024
35	4	39	4	-2.0024
35	4	39	5	-2.08457
35	4	39	6	-2.08457
35	4	39	7	1089.69
35	4	39	8	1133.5
35	4	39	9	992.588
35	4	39	10	1041.1
35	5	39	1	-2.23989
35	5	39	2	-2.23989
35	5	39	3	-2.18084
35	5	39	4	-2.18084
35	5	39	5	-2.30152
35	5	39	6	-2.30152
35	5	39	7	1180.93
35	5	39	8	1233.97
35	5	39	9	1044.07
35	5	39	10	1102.68
35	6	39	1	-2.20877
35	6	39	2	-2.20877
35	6	39	3	-2.15589
35	6	39	4	-2.15589
35	6	39	5	-2.27361
35	6	39	6	-2.27361
35	6	39	7	1206.81
35	6	39	8	1253.97
35	6	39	9	1064.7
35	6	39	10	1121.37
37	1	38	1	0.0465558
37	1	39	1	0.0387509
37	1	39	2	0.0387509
37	1	39	3	0.0387509
37	1	39	4	0.0387509
37	1	39	5	0.0387509
37	1	39	6	0.0387509
37	1	39	7	0.0101478
37	1	39	8	0.0101478
37	1	39	9	0.0366573
37	1	39	10	0.0366573
38	1	39	1	0.3993
38	1	39	2	0.3993
38	1	39	3	0.371917
38	1	39	4	0.371917
38	1	39	5	0.400553
38	1	39	6	0.400553
38	1	39	7	0.043981
38	1	39	8	0.043981
38	1	39	9	-0.0744201
38	1	39	10	-0.0744201
[END TWOBODY SEQPOS1/ROTINDEX1/SEQPOS2/ROTINDEX2/ENERGY]
