[BEGIN ONEBODY SEQPOS/ROTINDEX/ENERGY]
1	1	7.63925
1	2	8.55465
1	3	8.99181
1	4	10.0916
1	5	9.59247
1	6	9.92201
1	7	9.75798
4	1	4.84194
5	1	-2.32393
5	2	-1.38694
5	3	-1.10871
5	4	-1.34857
5	5	-1.10944
5	6	-1.0282
5	7	0.0820388
5	8	-0.378175
5	9	0.0947451
5	10	0.957684
5	11	2.24363
5	12	1.2674
7	1	42.6842
8	1	9.75685
17	1	21.9503
18	1	170.361
24	1	1.07653
27	1	23.4059
34	1	218.509
35	1	-3.29895
35	2	-1.65372
35	3	7.12384
35	4	-2.45863
35	5	-2.01036
35	6	2.14202
35	7	9.13175
35	8	-0.851375
35	9	0.222565
35	10	1.27292
35	11	0.79159
37	1	23.2845
38	1	150.208
39	1	-0.491576
39	2	-1.07639
39	3	0.419294
39	4	0.58345
39	5	0.467791
39	6	-0.0199388
39	7	0.724058
39	8	0.367029
39	9	0.154365
39	10	0.528236
39	11	0.11911
39	12	0.822659
39	13	1.77153
39	14	1.79463
39	15	3.35523
39	16	1.6674
39	17	1.58688
39	18	1.91091
39	19	1.34719
39	20	1.82802
39	21	1.18311
[END ONEBODY SEQPOS/ROTINDEX/ENERGY]
[BEGIN TWOBODY SEQPOS1/ROTINDEX1/SEQPOS2/ROTINDEX2/ENERGY]
1	1	4	1	0.732408
1	2	4	1	1.12755
1	3	4	1	1.24096
1	4	4	1	5.46936
1	5	4	1	6.20454
1	6	4	1	1.37242
1	7	4	1	0.716324
1	1	5	1	-1.92243
1	1	5	2	-1.92086
1	1	5	3	-1.91159
1	1	5	4	-1.92289
1	1	5	5	-1.95068
1	1	5	6	-1.96727
1	1	5	7	-1.91255
1	1	5	8	-1.91101
1	1	5	9	-1.95246
1	1	5	10	-1.91817
1	1	5	11	-1.98307
1	1	5	12	-1.93854
1	2	5	1	-1.91714
1	2	5	2	-1.91606
1	2	5	3	-1.90617
1	2	5	4	-1.91802
1	2	5	5	-1.94988
1	2	5	6	-1.98567
1	2	5	7	-1.90736
1	2	5	8	-1.90563
1	2	5	9	-1.94718
1	2	5	10	-1.91098
1	2	5	11	-2.00499
1	2	5	12	-1.93383
1	3	5	1	-1.9172
1	3	5	2	-1.91612
1	3	5	3	-1.90623
1	3	5	4	-1.91807
1	3	5	5	-1.94993
1	3	5	6	-1.98572
1	3	5	7	-1.90742
1	3	5	8	-1.90569
1	3	5	9	-1.94723
1	3	5	10	-1.91105
1	3	5	11	-2.0052
1	3	5	12	-1.93389
1	4	5	1	-1.9179
1	4	5	2	-1.91682
1	4	5	3	-1.90695
1	4	5	4	-1.91876
1	4	5	5	-1.9506
1	4	5	6	-1.98638
1	4	5	7	-1.90813
1	4	5	8	-1.90641
1	4	5	9	-1.9479
1	4	5	10	-1.91181
1	4	5	11	-2.00747
1	4	5	12	-1.9346
1	5	5	1	-1.91797
1	5	5	2	-1.9169
1	5	5	3	-1.90703
1	5	5	4	-1.91884
1	5	5	5	-1.95067
1	5	5	6	-1.98646
1	5	5	7	-1.90821
1	5	5	8	-1.90649
1	5	5	9	-1.94798
1	5	5	10	-1.91189
1	5	5	11	-2.00769
1	5	5	12	-1.93468
1	6	5	1	-1.91721
1	6	5	2	-1.91613
1	6	5	3	-1.90624
1	6	5	4	-1.91808
1	6	5	5	-1.94994
1	6	5	6	-1.98573
1	6	5	7	-1.90743
1	6	5	8	-1.9057
1	6	5	9	-1.94724
1	6	5	10	-1.91106
1	6	5	11	-2.00524
1	6	5	12	-1.9339
1	7	5	1	-1.91738
1	7	5	2	-1.9157
1	7	5	3	-1.90617
1	7	5	4	-1.91792
1	7	5	5	-1.93482
1	7	5	6	-1.88636
1	7	5	7	-1.90696
1	7	5	8	-1.90565
1	7	5	9	-1.94819
1	7	5	10	-1.91258
1	7	5	11	-1.96622
1	7	5	12	-1.93314
1	1	17	1	-0.000430886
1	2	17	1	-0.000430886
1	3	17	1	-0.000430886
1	4	17	1	-0.000430886
1	5	17	1	-0.000430886
1	6	17	1	-0.000430886
1	7	17	1	-0.000430886
1	1	18	1	-0.000326101
1	2	18	1	-0.000326101
1	3	18	1	-0.000326101
1	4	18	1	-0.000326167
1	5	18	1	-0.000326101
1	6	18	1	-0.000326101
1	7	18	1	-0.000326101
1	1	24	1	3.50056
1	2	24	1	4.59258
1	3	24	1	4.94069
1	4	24	1	109.33
1	5	24	1	99.4624
1	6	24	1	6.61591
1	7	24	1	3.22172
1	1	37	1	-0.0233464
1	2	37	1	-9.74385e-05
1	3	37	1	-8.0759e-05
1	4	37	1	-0.141626
1	5	37	1	-0.0234584
1	6	37	1	-8.12326e-05
1	7	37	1	-0.0228661
1	1	38	1	0.182826
1	2	38	1	-0.0379271
1	3	38	1	-0.0396451
1	4	38	1	-0.11397
1	5	38	1	-0.0757408
1	6	38	1	-0.0400947
1	7	38	1	0.469462
1	1	39	1	-0.651685
1	1	39	2	-0.646142
1	1	39	3	-0.651738
1	1	39	4	-0.682992
1	1	39	5	-0.651725
1	1	39	6	-0.646124
1	1	39	7	-0.651765
1	1	39	8	-0.646091
1	1	39	9	-0.646023
1	1	39	10	-0.674303
1	1	39	11	-0.646241
1	1	39	12	-0.651787
1	1	39	13	-0.6391
1	1	39	14	-0.698183
1	1	39	15	-0.646036
1	1	39	16	-0.651729
1	1	39	17	-0.696911
1	1	39	18	-0.651732
1	1	39	19	-0.669121
1	1	39	20	-0.674855
1	1	39	21	-0.646197
1	2	39	1	0.0646604
1	2	39	2	0.0646604
1	2	39	3	0.0646604
1	2	39	4	0.0651323
1	2	39	5	0.0646604
1	2	39	6	0.0646602
1	2	39	7	0.0646604
1	2	39	8	0.0646533
1	2	39	9	0.0645948
1	2	39	10	0.0368811
1	2	39	11	0.0646604
1	2	39	12	0.0646604
1	2	39	13	0.0653715
1	2	39	14	0.0654293
1	2	39	15	0.0645942
1	2	39	16	0.0646604
1	2	39	17	0.0649496
1	2	39	18	0.0646604
1	2	39	19	0.0392304
1	2	39	20	0.0356596
1	2	39	21	0.0646604
1	3	39	1	0.0856087
1	3	39	2	0.0856087
1	3	39	3	0.0856087
1	3	39	4	0.0860414
1	3	39	5	0.0856087
1	3	39	6	0.0856085
1	3	39	7	0.0856087
1	3	39	8	0.0856016
1	3	39	9	0.0855431
1	3	39	10	0.0578325
1	3	39	11	0.0856087
1	3	39	12	0.0856087
1	3	39	13	0.0862674
1	3	39	14	0.0863281
1	3	39	15	0.0855425
1	3	39	16	0.0856087
1	3	39	17	0.0858663
1	3	39	18	0.0856087
1	3	39	19	0.060179
1	3	39	20	0.0566107
1	3	39	21	0.0856087
1	4	39	1	0.0850593
1	4	39	2	0.0850593
1	4	39	3	0.0850593
1	4	39	4	0.0854163
1	4	39	5	0.0850593
1	4	39	6	0.0850591
1	4	39	7	0.0850593
1	4	39	8	0.0850522
1	4	39	9	0.0849937
1	4	39	10	0.0573191
1	4	39	11	0.0850593
1	4	39	12	0.0850593
1	4	39	13	0.0857413
1	4	39	14	0.0857339
1	4	39	15	0.0849931
1	4	39	16	0.0850593
1	4	39	17	0.085215
1	4	39	18	0.0850593
1	4	39	19	0.0596438
1	4	39	20	0.0560933
1	4	39	21	0.0850593
1	5	39	1	0.0951215
1	5	39	2	0.0951215
1	5	39	3	0.0951215
1	5	39	4	0.0954616
1	5	39	5	0.0951215
1	5	39	6	0.0951213
1	5	39	7	0.0951215
1	5	39	8	0.0951144
1	5	39	9	0.0950559
1	5	39	10	0.0673852
1	5	39	11	0.0951215
1	5	39	12	0.0951215
1	5	39	13	0.0957866
1	5	39	14	0.0957762
1	5	39	15	0.0950553
1	5	39	16	0.0951215
1	5	39	17	0.0952612
1	5	39	18	0.0951215
1	5	39	19	0.0697089
1	5	39	20	0.066159
1	5	39	21	0.0951215
1	6	39	1	-0.0429321
1	6	39	2	-0.0429321
1	6	39	3	-0.0429321
1	6	39	4	-0.0424665
1	6	39	5	-0.0429321
1	6	39	6	-0.0429323
1	6	39	7	-0.0429321
1	6	39	8	-0.0429392
1	6	39	9	-0.0429978
1	6	39	10	-0.0707078
1	6	39	11	-0.0429321
1	6	39	12	-0.0429321
1	6	39	13	-0.0422213
1	6	39	14	-0.0421685
1	6	39	15	-0.0429983
1	6	39	16	-0.0429321
1	6	39	17	-0.0426513
1	6	39	18	-0.0429321
1	6	39	19	-0.0683618
1	6	39	20	-0.0719297
1	6	39	21	-0.0429321
1	7	39	1	-0.141469
1	7	39	2	-0.138134
1	7	39	3	-0.14147
1	7	39	4	-0.0278149
1	7	39	5	-0.141474
1	7	39	6	-0.138118
1	7	39	7	-0.141261
1	7	39	8	-0.138096
1	7	39	9	-0.138073
1	7	39	10	-0.1673
1	7	39	11	-0.138155
1	7	39	12	-0.141046
1	7	39	13	0.136688
1	7	39	14	-0.155973
1	7	39	15	-0.138154
1	7	39	16	-0.141188
1	7	39	17	-0.155386
1	7	39	18	-0.141353
1	7	39	19	-0.152583
1	7	39	20	-0.16795
1	7	39	21	-0.138147
4	1	5	1	0.284022
4	1	5	2	0.284117
4	1	5	3	0.239539
4	1	5	4	0.284199
4	1	5	5	0.283736
4	1	5	6	0.284185
4	1	5	7	0.241236
4	1	5	8	0.241147
4	1	5	9	0.284039
4	1	5	10	0.270027
4	1	5	11	0.290226
4	1	5	12	0.273317
4	1	7	1	-1.30162
4	1	8	1	18.6753
4	1	17	1	65.7386
4	1	18	1	92.8385
4	1	24	1	1586.99
4	1	27	1	-5.87031e-05
4	1	34	1	0.432281
4	1	35	1	-0.0917033
4	1	35	2	-0.0916836
4	1	35	3	-0.1311
4	1	35	4	-0.0916832
4	1	35	5	-0.0916849
4	1	35	6	-0.124157
4	1	35	7	-0.132535
4	1	35	8	-0.0916736
4	1	35	9	-0.0920971
4	1	35	10	-0.091705
4	1	35	11	-0.0916636
4	1	37	1	-0.187759
4	1	38	1	567.131
4	1	39	1	-0.0615935
4	1	39	2	-0.0615935
4	1	39	3	-0.0615935
4	1	39	4	-0.0615935
4	1	39	5	-0.0615935
4	1	39	6	-0.0615935
4	1	39	7	-0.0615935
4	1	39	8	-0.0615935
4	1	39	9	-0.0615935
4	1	39	10	-0.0615935
4	1	39	11	-0.0615935
4	1	39	12	-0.0615935
4	1	39	13	-0.0615935
4	1	39	14	-0.0615935
4	1	39	15	-0.0615935
4	1	39	16	-0.0615935
4	1	39	17	-0.0615935
4	1	39	18	-0.0615935
4	1	39	19	-0.0615935
4	1	39	20	-0.0613606
4	1	39	21	-0.0615935
5	1	7	1	0.0257694
5	2	7	1	0.0256858
5	3	7	1	0.025448
5	4	7	1	0.0256926
5	5	7	1	0.0256653
5	6	7	1	0.0259028
5	7	7	1	0.0253893
5	8	7	1	0.0254294
5	9	7	1	0.0256275
5	10	7	1	0.0219634
5	11	7	1	0.025778
5	12	7	1	0.0231103
5	1	8	1	-1.3807
5	2	8	1	-1.38062
5	3	8	1	-1.39343
5	4	8	1	-1.38052
5	5	8	1	-1.38092
5	6	8	1	-1.38033
5	7	8	1	-1.4099
5	8	8	1	-1.42346
5	9	8	1	-1.38066
5	10	8	1	-1.38021
5	11	8	1	-1.38069
5	12	8	1	-1.38056
5	1	17	1	-0.0257982
5	2	17	1	-0.0257982
5	3	17	1	-0.0257982
5	4	17	1	-0.0257982
5	5	17	1	-0.0257982
5	6	17	1	-0.0257982
5	7	17	1	-0.0257982
5	8	17	1	-0.0257982
5	9	17	1	-0.0257982
5	10	17	1	-0.0257982
5	11	17	1	-0.0257982
5	12	17	1	-0.0257982
5	1	18	1	0.163874
5	2	18	1	0.163873
5	3	18	1	0.181614
5	4	18	1	0.163874
5	5	18	1	0.16387
5	6	18	1	0.163879
5	7	18	1	0.179456
5	8	18	1	0.181206
5	9	18	1	0.163871
5	10	18	1	0.163844
5	11	18	1	0.163874
5	12	18	1	0.163845
5	1	24	1	0.00653744
5	2	24	1	0.0065367
5	3	24	1	0.00647253
5	4	24	1	0.00653688
5	5	24	1	0.00653587
5	6	24	1	0.00616295
5	7	24	1	0.00641605
5	8	24	1	0.00648979
5	9	24	1	0.00653571
5	10	24	1	0.00654448
5	11	24	1	0.00653752
5	12	24	1	0.0065327
5	1	34	1	-0.0917033
5	2	34	1	-0.0916836
5	3	34	1	-0.1311
5	4	34	1	-0.0916832
5	5	34	1	-0.0916849
5	6	34	1	-0.0917228
5	7	34	1	-0.124157
5	8	34	1	-0.132535
5	9	34	1	-0.0916736
5	10	34	1	-0.0920971
5	11	34	1	-0.091705
5	12	34	1	-0.0916637
5	1	35	1	-0.642093
5	1	35	2	1.49918
5	1	35	3	72.9929
5	1	35	4	0.736574
5	1	35	5	-0.618595
5	1	35	6	101.265
5	1	35	7	8.91012
5	1	35	8	-0.583705
5	1	35	9	3.6197
5	1	35	10	-0.63176
5	1	35	11	-0.6606
5	2	35	1	1.49918
5	2	35	2	6.70702
5	2	35	3	107.852
5	2	35	4	8.37952
5	2	35	5	0.147229
5	2	35	6	324.19
5	2	35	7	43.6028
5	2	35	8	1.08225
5	2	35	9	82.6747
5	2	35	10	0.140051
5	2	35	11	0.674654
5	3	35	1	72.9929
5	3	35	2	107.852
5	3	35	3	415.838
5	3	35	4	103.941
5	3	35	5	68.045
5	3	35	6	775.136
5	3	35	7	352.222
5	3	35	8	74.4334
5	3	35	9	742.26
5	3	35	10	69.9881
5	3	35	11	218.094
5	4	35	1	0.736574
5	4	35	2	8.37952
5	4	35	3	103.941
5	4	35	4	2.97956
5	4	35	5	-0.438063
5	4	35	6	163.596
5	4	35	7	19.995
5	4	35	8	-0.274854
5	4	35	9	4.67098
5	4	35	10	-0.460225
5	4	35	11	-0.511743
5	5	35	1	-0.618595
5	5	35	2	0.147229
5	5	35	3	68.045
5	5	35	4	-0.438063
5	5	35	5	-0.546866
5	5	35	6	9.94915
5	5	35	7	4.86474
5	5	35	8	-0.541182
5	5	35	9	-0.624909
5	5	35	10	-0.559206
5	5	35	11	-0.568628
5	6	35	1	-0.726425
5	6	35	2	-0.0628015
5	6	35	3	68.6603
5	6	35	4	-0.46164
5	6	35	5	-0.655942
5	6	35	6	9.88089
5	6	35	7	6.8828
5	6	35	8	-0.649898
5	6	35	9	-0.413235
5	6	35	10	-0.666793
5	6	35	11	-0.684872
5	7	35	1	101.265
5	7	35	2	324.19
5	7	35	3	775.136
5	7	35	4	163.596
5	7	35	5	9.94915
5	7	35	6	1359.55
5	7	35	7	758.404
5	7	35	8	11.4298
5	7	35	9	446.63
5	7	35	10	9.41595
5	7	35	11	24.652
5	8	35	1	8.91012
5	8	35	2	43.6028
5	8	35	3	352.222
5	8	35	4	19.995
5	8	35	5	4.86474
5	8	35	6	758.404
5	8	35	7	288.247
5	8	35	8	6.23947
5	8	35	9	306.85
5	8	35	10	5.71165
5	8	35	11	25.2101
5	9	35	1	-0.583704
5	9	35	2	1.08225
5	9	35	3	74.4334
5	9	35	4	-0.274854
5	9	35	5	-0.541182
5	9	35	6	11.4298
5	9	35	7	6.23947
5	9	35	8	-0.535419
5	9	35	9	-0.541779
5	9	35	10	-0.553111
5	9	35	11	-0.56626
5	10	35	1	3.6197
5	10	35	2	82.6747
5	10	35	3	742.26
5	10	35	4	4.67098
5	10	35	5	-0.624909
5	10	35	6	446.63
5	10	35	7	306.85
5	10	35	8	-0.541779
5	10	35	9	19.9202
5	10	35	10	-0.670342
5	10	35	11	-0.717629
5	11	35	1	-0.63176
5	11	35	2	0.140051
5	11	35	3	69.9881
5	11	35	4	-0.460225
5	11	35	5	-0.559206
5	11	35	6	9.41595
5	11	35	7	5.71166
5	11	35	8	-0.553111
5	11	35	9	-0.670342
5	11	35	10	-0.570709
5	11	35	11	-0.584511
5	12	35	1	-0.6606
5	12	35	2	0.674654
5	12	35	3	218.094
5	12	35	4	-0.511743
5	12	35	5	-0.568628
5	12	35	6	24.652
5	12	35	7	25.2101
5	12	35	8	-0.56626
5	12	35	9	-0.717629
5	12	35	10	-0.584511
5	12	35	11	-0.564281
5	1	37	1	0.00109932
5	2	37	1	0.00109041
5	3	37	1	-0.0026505
5	4	37	1	0.0010923
5	5	37	1	0.00108351
5	6	37	1	0.00111799
5	7	37	1	-0.002064
5	8	37	1	-0.00209189
5	9	37	1	0.00108242
5	10	37	1	0.00113785
5	11	37	1	0.00110046
5	12	37	1	0.00106709
5	1	38	1	126.863
5	2	38	1	126.875
5	3	38	1	126.612
5	4	38	1	126.869
5	5	38	1	126.866
5	6	38	1	126.735
5	7	38	1	126.561
5	8	38	1	126.547
5	9	38	1	126.87
5	10	38	1	126.87
5	11	38	1	126.872
5	12	38	1	126.928
5	1	39	1	0.87333
5	1	39	2	105.029
5	1	39	3	3.43844
5	1	39	4	11.1308
5	1	39	5	0.580616
5	1	39	6	415.924
5	1	39	7	0.0516406
5	1	39	8	139.966
5	1	39	9	33.9733
5	1	39	10	1820.37
5	1	39	11	19.2266
5	1	39	12	5.73302
5	1	39	13	5.53535
5	1	39	14	664.667
5	1	39	15	31.268
5	1	39	16	119.226
5	1	39	17	8.61787
5	1	39	18	0.0275756
5	1	39	19	835.789
5	1	39	20	1647.97
5	1	39	21	50.9357
5	2	39	1	2.19912
5	2	39	2	471.221
5	2	39	3	2.7713
5	2	39	4	4.70102
5	2	39	5	1.71716
5	2	39	6	982.678
5	2	39	7	2.02736
5	2	39	8	613.907
5	2	39	9	173.262
5	2	39	10	1895.38
5	2	39	11	113.63
5	2	39	12	46.067
5	2	39	13	4.21143
5	2	39	14	296.173
5	2	39	15	165.302
5	2	39	16	110.038
5	2	39	17	5.01582
5	2	39	18	1.56737
5	2	39	19	549.535
5	2	39	20	1966.63
5	2	39	21	131.208
5	3	39	1	9.42539
5	3	39	2	907.968
5	3	39	3	9.29968
5	3	39	4	8.5926
5	3	39	5	9.24183
5	3	39	6	993.005
5	3	39	7	10.5372
5	3	39	8	1315.24
5	3	39	9	537.629
5	3	39	10	744.774
5	3	39	11	507.591
5	3	39	12	42.875
5	3	39	13	8.5382
5	3	39	14	23.0324
5	3	39	15	793.555
5	3	39	16	45.9685
5	3	39	17	8.84608
5	3	39	18	9.72233
5	3	39	19	405.845
5	3	39	20	1357.32
5	3	39	21	492.228
5	4	39	1	-0.869417
5	4	39	2	107.075
5	4	39	3	-0.5099
5	4	39	4	1.76299
5	4	39	5	-0.908243
5	4	39	6	425.074
5	4	39	7	-0.892485
5	4	39	8	143.128
5	4	39	9	33.5685
5	4	39	10	1685.24
5	4	39	11	16.8739
5	4	39	12	1.9268
5	4	39	13	0.870438
5	4	39	14	299.893
5	4	39	15	31.1321
5	4	39	16	30.271
5	4	39	17	1.29967
5	4	39	18	-0.896367
5	4	39	19	494.092
5	4	39	20	1679.72
5	4	39	21	24.8778
5	5	39	1	-0.623902
5	5	39	2	10.594
5	5	39	3	-0.163386
5	5	39	4	4.95262
5	5	39	5	-0.623466
5	5	39	6	49.6914
5	5	39	7	-0.632539
5	5	39	8	15.732
5	5	39	9	14.6369
5	5	39	10	1024.15
5	5	39	11	7.49415
5	5	39	12	-0.602738
5	5	39	13	1.28942
5	5	39	14	232.8
5	5	39	15	13.4551
5	5	39	16	3.02084
5	5	39	17	1.05034
5	5	39	18	-0.63089
5	5	39	19	315.984
5	5	39	20	963.208
5	5	39	21	11.1378
5	6	39	1	30.0636
5	6	39	2	173.199
5	6	39	3	33.1485
5	6	39	4	423.083
5	6	39	5	29.7773
5	6	39	6	198.805
5	6	39	7	27.8232
5	6	39	8	180.027
5	6	39	9	178.919
5	6	39	10	1358.92
5	6	39	11	177.082
5	6	39	12	34.7673
5	6	39	13	372.664
5	6	39	14	1132.24
5	6	39	15	167.185
5	6	39	16	53.0128
5	6	39	17	392.258
5	6	39	18	28.0282
5	6	39	19	1336.21
5	6	39	20	1482.23
5	6	39	21	185.241
5	7	39	1	2.55957
5	7	39	2	627.852
5	7	39	3	2.58382
5	7	39	4	2.54656
5	7	39	5	2.52179
5	7	39	6	764.286
5	7	39	7	2.60149
5	7	39	8	1047.59
5	7	39	9	278.748
5	7	39	10	735.099
5	7	39	11	310.486
5	7	39	12	15.4062
5	7	39	13	2.41606
5	7	39	14	31.0867
5	7	39	15	313.733
5	7	39	16	27.0149
5	7	39	17	2.66917
5	7	39	18	2.51804
5	7	39	19	352.81
5	7	39	20	1460.32
5	7	39	21	307.632
5	8	39	1	12.0928
5	8	39	2	891.039
5	8	39	3	12.7794
5	8	39	4	15.1766
5	8	39	5	11.5252
5	8	39	6	1295.8
5	8	39	7	11.8606
5	8	39	8	1245.36
5	8	39	9	429.944
5	8	39	10	1247.29
5	8	39	11	420.838
5	8	39	12	93.2353
5	8	39	13	12.5329
5	8	39	14	171.759
5	8	39	15	456.669
5	8	39	16	189.467
5	8	39	17	17.4448
5	8	39	18	11.2813
5	8	39	19	585.632
5	8	39	20	1866.15
5	8	39	21	444.104
5	9	39	1	-0.720503
5	9	39	2	7.4073
5	9	39	3	-0.640801
5	9	39	4	0.359377
5	9	39	5	-0.71788
5	9	39	6	45.8314
5	9	39	7	-0.711342
5	9	39	8	12.0635
5	9	39	9	10.1872
5	9	39	10	968.838
5	9	39	11	5.25182
5	9	39	12	-0.798576
5	9	39	13	-0.0410122
5	9	39	14	97.2108
5	9	39	15	9.18584
5	9	39	16	1.37708
5	9	39	17	-0.343876
5	9	39	18	-0.706296
5	9	39	19	278.727
5	9	39	20	951.039
5	9	39	21	7.26083
5	10	39	1	-0.477268
5	10	39	2	3.80636
5	10	39	3	-0.454843
5	10	39	4	-0.567717
5	10	39	5	-0.474826
5	10	39	6	48.3038
5	10	39	7	-0.473737
5	10	39	8	18.1073
5	10	39	9	3.87241
5	10	39	10	437.359
5	10	39	11	1.26736
5	10	39	12	-0.422061
5	10	39	13	-0.595532
5	10	39	14	9.03702
5	10	39	15	4.94424
5	10	39	16	0.748235
5	10	39	17	-0.601403
5	10	39	18	-0.471851
5	10	39	19	76.7981
5	10	39	20	973.545
5	10	39	21	2.09678
5	11	39	1	-0.697579
5	11	39	2	7.11497
5	11	39	3	-0.61851
5	11	39	4	0.443132
5	11	39	5	-0.696318
5	11	39	6	43.5028
5	11	39	7	-0.692219
5	11	39	8	11.0977
5	11	39	9	8.46235
5	11	39	10	936.535
5	11	39	11	5.60106
5	11	39	12	-0.774077
5	11	39	13	-0.16576
5	11	39	14	101.461
5	11	39	15	8.08024
5	11	39	16	1.04546
5	11	39	17	-0.314428
5	11	39	18	-0.687051
5	11	39	19	278.663
5	11	39	20	949.304
5	11	39	21	7.14178
5	12	39	1	-0.409303
5	12	39	2	0.336263
5	12	39	3	-0.400403
5	12	39	4	-0.455797
5	12	39	5	-0.407287
5	12	39	6	2.82008
5	12	39	7	-0.406828
5	12	39	8	1.96698
5	12	39	9	1.59574
5	12	39	10	253.888
5	12	39	11	0.128439
5	12	39	12	-0.467263
5	12	39	13	-0.53196
5	12	39	14	6.81103
5	12	39	15	2.18059
5	12	39	16	-0.0533685
5	12	39	17	-0.540559
5	12	39	18	-0.405154
5	12	39	19	57.7123
5	12	39	20	561.719
5	12	39	21	0.495282
7	1	8	1	0.0347514
7	1	17	1	2542.7
7	1	18	1	1.18962
7	1	24	1	-5.87031e-05
7	1	34	1	-0.187759
7	1	35	1	0.00109932
7	1	35	2	0.00109041
7	1	35	3	-0.0026505
7	1	35	4	0.0010923
7	1	35	5	0.00108351
7	1	35	6	-0.002064
7	1	35	7	-0.00209189
7	1	35	8	0.00108242
7	1	35	9	0.00113785
7	1	35	10	0.00110046
7	1	35	11	0.00106709
7	1	38	1	-0.0301886
8	1	17	1	1.18962
8	1	18	1	2703.5
8	1	24	1	4.91
8	1	27	1	-0.196019
8	1	34	1	567.131
8	1	35	1	126.863
8	1	35	2	126.875
8	1	35	3	126.612
8	1	35	4	126.869
8	1	35	5	126.866
8	1	35	6	126.561
8	1	35	7	126.547
8	1	35	8	126.87
8	1	35	9	126.87
8	1	35	10	126.872
8	1	35	11	126.928
8	1	37	1	-0.0301885
8	1	38	1	1963.2
8	1	39	1	0.0442578
8	1	39	2	0.0446261
8	1	39	3	0.0442578
8	1	39	4	0.0442578
8	1	39	5	0.0442578
8	1	39	6	0.0445941
8	1	39	7	0.0442578
8	1	39	8	0.057862
8	1	39	9	0.0445213
8	1	39	10	0.044678
8	1	39	11	0.0446766
8	1	39	12	0.0442578
8	1	39	13	0.0442578
8	1	39	14	0.0442578
8	1	39	15	0.0661607
8	1	39	16	0.0442578
8	1	39	17	0.0442578
8	1	39	18	0.0442578
8	1	39	19	0.0448549
8	1	39	20	0.0689568
8	1	39	21	0.0447026
17	1	18	1	0.0347514
17	1	24	1	-0.187759
17	1	34	1	-5.87031e-05
17	1	38	1	-0.196019
18	1	24	1	567.131
18	1	27	1	-0.0301885
18	1	34	1	4.91
18	1	35	1	0.189081
18	1	35	2	0.188923
18	1	35	3	0.213716
18	1	35	4	0.188883
18	1	35	5	0.18907
18	1	35	6	0.212668
18	1	35	7	0.213707
18	1	35	8	0.188892
18	1	35	9	0.192397
18	1	35	10	0.189085
18	1	35	11	0.19001
18	1	37	1	-0.196019
18	1	38	1	1847.5
18	1	39	1	0.00811995
18	1	39	2	0.00811995
18	1	39	3	0.00811995
18	1	39	4	0.00811995
18	1	39	5	0.00811995
18	1	39	6	0.00811995
18	1	39	7	0.00811995
18	1	39	8	0.00811995
18	1	39	9	0.00811995
18	1	39	10	0.00811995
18	1	39	11	0.00811995
18	1	39	12	0.00811995
18	1	39	13	0.00811995
18	1	39	14	0.00811995
18	1	39	15	0.00811994
18	1	39	16	0.00811995
18	1	39	17	0.00811995
18	1	39	18	0.00811995
18	1	39	19	0.00811995
18	1	39	20	0.00811995
18	1	39	21	0.00811995
24	1	27	1	-1.30162
24	1	34	1	0.130831
24	1	35	1	-0.00381066
24	1	35	2	-0.00381066
24	1	35	3	-0.00381066
24	1	35	4	-0.00381066
24	1	35	5	-0.00381066
24	1	35	6	-0.00381066
24	1	35	7	-0.00381066
24	1	35	8	-0.00381066
24	1	35	9	-0.00381066
24	1	35	10	-0.00381066
24	1	35	11	-0.00381066
24	1	37	1	65.7386
24	1	38	1	92.8385
24	1	39	1	-0.0279232
24	1	39	2	-0.0279407
24	1	39	3	-0.0279244
24	1	39	4	-0.0279249
24	1	39	5	-0.0279242
24	1	39	6	-0.0279413
24	1	39	7	-0.0279254
24	1	39	8	-0.0279415
24	1	39	9	-0.0279409
24	1	39	10	-0.0279379
24	1	39	11	-0.0279436
24	1	39	12	-0.0279204
24	1	39	13	-0.0279263
24	1	39	14	-0.0279242
24	1	39	15	-0.0279362
24	1	39	16	-0.0279204
24	1	39	17	-0.0279248
24	1	39	18	-0.0279255
24	1	39	19	-0.0279361
24	1	39	20	-0.0279352
24	1	39	21	-0.0279425
27	1	34	1	65.7386
27	1	35	1	-0.0257982
27	1	35	2	-0.0257982
27	1	35	3	-0.0257982
27	1	35	4	-0.0257982
27	1	35	5	-0.0257982
27	1	35	6	-0.0257982
27	1	35	7	-0.0257982
27	1	35	8	-0.0257982
27	1	35	9	-0.0257982
27	1	35	10	-0.0257982
27	1	35	11	-0.0257982
27	1	37	1	2542.7
27	1	38	1	1.18962
27	1	39	1	-2.56516e-05
27	1	39	2	-2.56516e-05
27	1	39	3	-2.56516e-05
27	1	39	4	-2.56516e-05
27	1	39	5	-2.56516e-05
27	1	39	6	-2.56516e-05
27	1	39	7	-2.56516e-05
27	1	39	8	-2.56516e-05
27	1	39	9	-2.56516e-05
27	1	39	10	-2.56516e-05
27	1	39	11	-2.56516e-05
27	1	39	12	-2.56516e-05
27	1	39	13	-2.56516e-05
27	1	39	14	-2.56516e-05
27	1	39	15	-2.56516e-05
27	1	39	16	-2.56516e-05
27	1	39	17	-2.56516e-05
27	1	39	18	-2.56516e-05
27	1	39	19	-2.56516e-05
27	1	39	20	-2.56516e-05
27	1	39	21	-2.56516e-05
34	1	35	1	0.284022
34	1	35	2	0.284117
34	1	35	3	0.239539
34	1	35	4	0.284199
34	1	35	5	0.283736
34	1	35	6	0.241236
34	1	35	7	0.241147
34	1	35	8	0.284039
34	1	35	9	0.270027
34	1	35	10	0.290226
34	1	35	11	0.273317
34	1	37	1	-1.30162
34	1	38	1	18.6753
34	1	39	1	-0.162132
34	1	39	2	-0.162666
34	1	39	3	-0.162132
34	1	39	4	-0.162132
34	1	39	5	-0.162132
34	1	39	6	-0.162647
34	1	39	7	-0.162132
34	1	39	8	-0.162651
34	1	39	9	-0.162691
34	1	39	10	-0.162767
34	1	39	11	-0.162466
34	1	39	12	-0.162132
34	1	39	13	-0.162132
34	1	39	14	-0.162132
34	1	39	15	-0.17853
34	1	39	16	-0.162132
34	1	39	17	-0.162132
34	1	39	18	-0.162132
34	1	39	19	-0.162886
34	1	39	20	-0.162923
34	1	39	21	-0.162547
35	1	37	1	0.0257694
35	2	37	1	0.0256858
35	3	37	1	0.025448
35	4	37	1	0.0256926
35	5	37	1	0.0256653
35	6	37	1	0.0253893
35	7	37	1	0.0254294
35	8	37	1	0.0256275
35	9	37	1	0.0219634
35	10	37	1	0.025778
35	11	37	1	0.0231103
35	1	38	1	-1.3807
35	2	38	1	-1.38062
35	3	38	1	-1.39343
35	4	38	1	-1.38052
35	5	38	1	-1.38092
35	6	38	1	-1.4099
35	7	38	1	-1.42346
35	8	38	1	-1.38066
35	9	38	1	-1.38021
35	10	38	1	-1.38069
35	11	38	1	-1.38056
35	1	39	1	-1.87776
35	1	39	2	12.7876
35	1	39	3	-1.87628
35	1	39	4	-1.86612
35	1	39	5	-1.87836
35	1	39	6	4.54196
35	1	39	7	-1.89775
35	1	39	8	126.387
35	1	39	9	-1.02405
35	1	39	10	-1.75133
35	1	39	11	-2.02074
35	1	39	12	-1.63406
35	1	39	13	-1.86659
35	1	39	14	-1.90764
35	1	39	15	34.9514
35	1	39	16	-1.86722
35	1	39	17	-1.86568
35	1	39	18	-1.90847
35	1	39	19	-1.59882
35	1	39	20	0.342325
35	1	39	21	-2.03127
35	2	39	1	-1.85938
35	2	39	2	20.9143
35	2	39	3	-1.85945
35	2	39	4	-1.84716
35	2	39	5	-1.86086
35	2	39	6	9.83605
35	2	39	7	-1.8759
35	2	39	8	155.864
35	2	39	9	-0.664461
35	2	39	10	0.358909
35	2	39	11	-1.72563
35	2	39	12	-1.36376
35	2	39	13	-1.84937
35	2	39	14	-1.66773
35	2	39	15	38.5809
35	2	39	16	-1.41255
35	2	39	17	-1.84616
35	2	39	18	-1.8906
35	2	39	19	-1.29503
35	2	39	20	7.12016
35	2	39	21	-1.56334
35	3	39	1	-1.89867
35	3	39	2	18.2583
35	3	39	3	-1.89668
35	3	39	4	-1.88403
35	3	39	5	-1.89864
35	3	39	6	20.8443
35	3	39	7	-1.92663
35	3	39	8	171.01
35	3	39	9	-1.64183
35	3	39	10	17.9409
35	3	39	11	-2.14464
35	3	39	12	-1.9183
35	3	39	13	-1.88393
35	3	39	14	-1.53648
35	3	39	15	32.757
35	3	39	16	-1.69841
35	3	39	17	-1.88398
35	3	39	18	-1.92842
35	3	39	19	-1.38519
35	3	39	20	230.782
35	3	39	21	-1.93083
35	4	39	1	-1.60564
35	4	39	2	281.608
35	4	39	3	-1.7402
35	4	39	4	-1.80386
35	4	39	5	-1.75569
35	4	39	6	131.577
35	4	39	7	-1.45991
35	4	39	8	369.836
35	4	39	9	5.24157
35	4	39	10	0.350655
35	4	39	11	2.81966
35	4	39	12	1.91881
35	4	39	13	-1.80869
35	4	39	14	-1.52129
35	4	39	15	44.0219
35	4	39	16	0.335628
35	4	39	17	-1.72714
35	4	39	18	-1.7623
35	4	39	19	-0.687263
35	4	39	20	3.87401
35	4	39	21	2.1523
35	5	39	1	-1.87563
35	5	39	2	1.00666
35	5	39	3	-1.87395
35	5	39	4	-1.86402
35	5	39	5	-1.87619
35	5	39	6	-0.644752
35	5	39	7	-1.89456
35	5	39	8	39.3332
35	5	39	9	-0.979336
35	5	39	10	-1.81276
35	5	39	11	-2.08584
35	5	39	12	-1.86308
35	5	39	13	-1.86463
35	5	39	14	-1.89901
35	5	39	15	40.6392
35	5	39	16	-1.97291
35	5	39	17	-1.86356
35	5	39	18	-1.90637
35	5	39	19	-1.56983
35	5	39	20	-0.594485
35	5	39	21	-2.06924
35	6	39	1	-1.407
35	6	39	2	212.034
35	6	39	3	-1.38765
35	6	39	4	-1.37933
35	6	39	5	-1.45308
35	6	39	6	305.719
35	6	39	7	-1.38115
35	6	39	8	568.418
35	6	39	9	4.29591
35	6	39	10	166.314
35	6	39	11	5.28466
35	6	39	12	0.655549
35	6	39	13	-1.44247
35	6	39	14	0.633118
35	6	39	15	45.8764
35	6	39	16	2.02559
35	6	39	17	-1.28449
35	6	39	18	-1.47889
35	6	39	19	4.77793
35	6	39	20	461.523
35	6	39	21	6.22118
35	7	39	1	-1.90177
35	7	39	2	19.9669
35	7	39	3	-1.89978
35	7	39	4	-1.89034
35	7	39	5	-1.90171
35	7	39	6	21.5611
35	7	39	7	-1.93009
35	7	39	8	177.806
35	7	39	9	-1.42387
35	7	39	10	17.5113
35	7	39	11	-2.05346
35	7	39	12	-1.70874
35	7	39	13	-1.88983
35	7	39	14	-1.80906
35	7	39	15	32.2841
35	7	39	16	-1.60693
35	7	39	17	-1.89019
35	7	39	18	-1.93149
35	7	39	19	-1.63178
35	7	39	20	176.792
35	7	39	21	-1.83762
35	8	39	1	-1.80158
35	8	39	2	12.6906
35	8	39	3	-1.81663
35	8	39	4	-1.84589
35	8	39	5	-1.8198
35	8	39	6	2.01929
35	8	39	7	-1.40978
35	8	39	8	45.6647
35	8	39	9	6.03474
35	8	39	10	-1.63615
35	8	39	11	-0.288765
35	8	39	12	-0.326856
35	8	39	13	-1.84645
35	8	39	14	-1.87749
35	8	39	15	50.8395
35	8	39	16	-1.52747
35	8	39	17	-1.84551
35	8	39	18	-1.82265
35	8	39	19	-1.47243
35	8	39	20	-0.163628
35	8	39	21	-1.23093
35	9	39	1	1.00987
35	9	39	2	1271.73
35	9	39	3	-0.0354664
35	9	39	4	-1.21616
35	9	39	5	-0.192544
35	9	39	6	797.072
35	9	39	7	2.61639
35	9	39	8	1278.08
35	9	39	9	344.378
35	9	39	10	6.00944
35	9	39	11	180.449
35	9	39	12	94.5168
35	9	39	13	-1.24013
35	9	39	14	-0.448707
35	9	39	15	494.756
35	9	39	16	41.2175
35	9	39	17	-0.553094
35	9	39	18	0.115788
35	9	39	19	1.43073
35	9	39	20	21.8577
35	9	39	21	166.764
35	10	39	1	-1.87681
35	10	39	2	1.19806
35	10	39	3	-1.87552
35	10	39	4	-1.86574
35	10	39	5	-1.87715
35	10	39	6	-0.508756
35	10	39	7	-1.89253
35	10	39	8	41.252
35	10	39	9	-0.641242
35	10	39	10	-1.82016
35	10	39	11	-2.08047
35	10	39	12	-1.84729
35	10	39	13	-1.86637
35	10	39	14	-1.90054
35	10	39	15	36.6111
35	10	39	16	-1.97754
35	10	39	17	-1.86525
35	10	39	18	-1.90741
35	10	39	19	-1.57335
35	10	39	20	-0.581072
35	10	39	21	-2.08264
35	11	39	1	-1.85887
35	11	39	2	65.0205
35	11	39	3	-1.91527
35	11	39	4	-1.90164
35	11	39	5	-1.92225
35	11	39	6	49.8034
35	11	39	7	-1.15347
35	11	39	8	215.804
35	11	39	9	33.3454
35	11	39	10	-2.00567
35	11	39	11	1.43153
35	11	39	12	-0.393172
35	11	39	13	-1.90231
35	11	39	14	-1.94384
35	11	39	15	330.035
35	11	39	16	-1.87388
35	11	39	17	-1.90126
35	11	39	18	-1.90335
35	11	39	19	-1.72585
35	11	39	20	-0.49515
35	11	39	21	-0.0111831
37	1	38	1	0.0347514
37	1	39	1	0.0315346
37	1	39	2	0.0237069
37	1	39	3	0.0311894
37	1	39	4	0.0310605
37	1	39	5	0.0312603
37	1	39	6	0.0238016
37	1	39	7	0.0304266
37	1	39	8	0.0235406
37	1	39	9	0.015884
37	1	39	10	0.0241873
37	1	39	11	0.0252876
37	1	39	12	0.0323137
37	1	39	13	0.0307443
37	1	39	14	0.0312467
37	1	39	15	-0.0102918
37	1	39	16	0.0323015
37	1	39	17	0.031091
37	1	39	18	0.0303518
37	1	39	19	0.0233013
37	1	39	20	0.0234514
37	1	39	21	0.0248949
38	1	39	1	0.277544
38	1	39	2	0.185142
38	1	39	3	0.277581
38	1	39	4	0.232916
38	1	39	5	0.277675
38	1	39	6	0.187022
38	1	39	7	0.277154
38	1	39	8	0.209869
38	1	39	9	0.190961
38	1	39	10	0.0465356
38	1	39	11	0.185002
38	1	39	12	0.277868
38	1	39	13	0.234589
38	1	39	14	0.224998
38	1	39	15	0.282163
38	1	39	16	0.277441
38	1	39	17	0.2345
38	1	39	18	0.277454
38	1	39	19	0.0408982
38	1	39	20	0.168294
38	1	39	21	0.185572
[END TWOBODY SEQPOS1/ROTINDEX1/SEQPOS2/ROTINDEX2/ENERGY]
