[BEGIN ONEBODY SEQPOS/ROTINDEX/ENERGY]
4	1	7.02887
5	1	-2.52635
5	2	-2.53931
5	3	-1.33043
5	4	-1.32418
5	5	-1.74489
5	6	-1.77173
5	7	0.169349
5	8	0.197143
7	1	30.8116
8	1	80.5406
17	1	6.78083
18	1	239.315
24	1	2.54725
27	1	8.7569
34	1	551.2
35	1	0.108947
35	2	0.139579
35	3	-0.817317
35	4	-0.791133
35	5	0.935061
35	6	0.942836
37	1	8.42817
38	1	520.433
39	1	1.67563
39	2	1.67563
39	3	2.82128
39	4	2.82128
39	5	2.5678
39	6	2.5678
39	7	1.8806
39	8	1.84473
39	9	2.24727
39	10	2.24808
[END ONEBODY SEQPOS/ROTINDEX/ENERGY]
[BEGIN TWOBODY SEQPOS1/ROTINDEX1/SEQPOS2/ROTINDEX2/ENERGY]
4	1	5	1	0.335077
4	1	5	2	0.335077
4	1	5	3	0.307849
4	1	5	4	0.307849
4	1	5	5	0.336235
4	1	5	6	0.336235
4	1	5	7	0.270208
4	1	5	8	0.270208
4	1	7	1	-1.78551
4	1	8	1	1283.86
4	1	17	1	21.9786
4	1	18	1	1964.65
4	1	24	1	4655.11
4	1	27	1	29.6861
4	1	34	1	0.27815
4	1	35	1	-0.0948078
4	1	35	2	-0.0948078
4	1	35	3	-0.129076
4	1	35	4	-0.129076
4	1	35	5	-0.127077
4	1	35	6	-0.127077
4	1	37	1	11.0208
4	1	38	1	1598.14
4	1	39	1	-0.0398984
4	1	39	2	-0.0398984
4	1	39	3	-0.0398984
4	1	39	4	-0.0398984
4	1	39	5	-0.0398984
4	1	39	6	-0.0398984
4	1	39	7	-0.0398984
4	1	39	8	-0.0398984
4	1	39	9	-0.0398984
4	1	39	10	-0.0398984
5	1	7	1	0.0128254
5	2	7	1	0.0128254
5	3	7	1	0.0128262
5	4	7	1	0.0128262
5	5	7	1	0.0119722
5	6	7	1	0.0119722
5	7	7	1	0.0121927
5	8	7	1	0.0121927
5	1	8	1	-1.63162
5	2	8	1	-1.63162
5	3	8	1	-1.69623
5	4	8	1	-1.69623
5	5	8	1	-1.6108
5	6	8	1	-1.6108
5	7	8	1	-1.75586
5	8	8	1	-1.75586
5	1	17	1	-0.0103568
5	2	17	1	-0.0103568
5	3	17	1	-0.0103568
5	4	17	1	-0.0103568
5	5	17	1	-0.0103568
5	6	17	1	-0.0103568
5	7	17	1	-0.0103568
5	8	17	1	-0.0103568
5	1	18	1	-0.149601
5	2	18	1	-0.149601
5	3	18	1	-0.134843
5	4	18	1	-0.134843
5	5	18	1	-0.162712
5	6	18	1	-0.162712
5	7	18	1	-0.137426
5	8	18	1	-0.137426
5	1	24	1	0.49942
5	2	24	1	0.49942
5	3	24	1	0.498648
5	4	24	1	0.498648
5	5	24	1	0.49942
5	6	24	1	0.49942
5	7	24	1	0.501013
5	8	24	1	0.501013
5	1	34	1	-0.0963369
5	2	34	1	-0.0963369
5	3	34	1	-0.130605
5	4	34	1	-0.130605
5	5	34	1	-0.0915811
5	6	34	1	-0.0915811
5	7	34	1	-0.128606
5	8	34	1	-0.128606
5	1	35	1	1136.23
5	1	35	2	1138.3
5	1	35	3	1245.08
5	1	35	4	1259.1
5	1	35	5	1509.86
5	1	35	6	1530.6
5	2	35	1	1138.3
5	2	35	2	1132.21
5	2	35	3	1240.64
5	2	35	4	1251.76
5	2	35	5	1491.67
5	2	35	6	1516.67
5	3	35	1	1245.08
5	3	35	2	1240.64
5	3	35	3	1389.31
5	3	35	4	1401.34
5	3	35	5	1736.21
5	3	35	6	1762.26
5	4	35	1	1259.1
5	4	35	2	1251.76
5	4	35	3	1401.34
5	4	35	4	1413.18
5	4	35	5	1737.81
5	4	35	6	1767.05
5	5	35	1	1141.61
5	5	35	2	1141.19
5	5	35	3	1259.07
5	5	35	4	1268.86
5	5	35	5	1410.82
5	5	35	6	1426.01
5	6	35	1	1129.23
5	6	35	2	1118.58
5	6	35	3	1241.4
5	6	35	4	1247.02
5	6	35	5	1383.53
5	6	35	6	1403.24
5	7	35	1	1509.86
5	7	35	2	1491.67
5	7	35	3	1736.21
5	7	35	4	1737.81
5	7	35	5	2004.32
5	7	35	6	2032.75
5	8	35	1	1530.6
5	8	35	2	1516.67
5	8	35	3	1762.26
5	8	35	4	1767.05
5	8	35	5	2032.75
5	8	35	6	2062.23
5	1	37	1	-0.000992864
5	2	37	1	-0.000992864
5	3	37	1	-0.00240245
5	4	37	1	-0.00240245
5	5	37	1	0.000213361
5	6	37	1	0.000213361
5	7	37	1	0.0010898
5	8	37	1	0.0010898
5	1	38	1	122.893
5	2	38	1	122.893
5	3	38	1	122.89
5	4	38	1	122.89
5	5	38	1	122.946
5	6	38	1	122.946
5	7	38	1	122.96
5	8	38	1	122.96
5	1	39	1	-0.0557302
5	1	39	2	-0.0557302
5	1	39	3	0.1633
5	1	39	4	0.1633
5	1	39	5	-0.0987457
5	1	39	6	-0.0987457
5	1	39	7	2106.12
5	1	39	8	2059.26
5	1	39	9	2376.66
5	1	39	10	2336.76
5	2	39	1	-0.0272903
5	2	39	2	-0.0272903
5	2	39	3	0.182442
5	2	39	4	0.182442
5	2	39	5	-0.0673328
5	2	39	6	-0.0673328
5	2	39	7	2106.95
5	2	39	8	2061.33
5	2	39	9	2383.15
5	2	39	10	2344.24
5	3	39	1	-1.88617
5	3	39	2	-1.88617
5	3	39	3	-1.64099
5	3	39	4	-1.64099
5	3	39	5	-2.01001
5	3	39	6	-2.01001
5	3	39	7	1932.62
5	3	39	8	1891.94
5	3	39	9	2083.07
5	3	39	10	2060.23
5	4	39	1	-1.86857
5	4	39	2	-1.86857
5	4	39	3	-1.62431
5	4	39	4	-1.62431
5	4	39	5	-1.99419
5	4	39	6	-1.99419
5	4	39	7	1932.81
5	4	39	8	1894.04
5	4	39	9	2087.17
5	4	39	10	2065.74
5	5	39	1	8.85212
5	5	39	2	8.85212
5	5	39	3	8.90294
5	5	39	4	8.90294
5	5	39	5	9.40082
5	5	39	6	9.40082
5	5	39	7	2197.67
5	5	39	8	2158.08
5	5	39	9	2568.93
5	5	39	10	2526.39
5	6	39	1	8.8816
5	6	39	2	8.8816
5	6	39	3	8.92101
5	6	39	4	8.92101
5	6	39	5	9.44422
5	6	39	6	9.44422
5	6	39	7	2198.36
5	6	39	8	2159.28
5	6	39	9	2572.86
5	6	39	10	2530.45
5	7	39	1	-1.97932
5	7	39	2	-1.97932
5	7	39	3	-1.72463
5	7	39	4	-1.72463
5	7	39	5	-2.0535
5	7	39	6	-2.0535
5	7	39	7	1765.7
5	7	39	8	1746.66
5	7	39	9	1890.98
5	7	39	10	1886.14
5	8	39	1	-1.98824
5	8	39	2	-1.98824
5	8	39	3	-1.71897
5	8	39	4	-1.71897
5	8	39	5	-2.06995
5	8	39	6	-2.06995
5	8	39	7	1764.78
5	8	39	8	1748.25
5	8	39	9	1890.94
5	8	39	10	1892.2
7	1	8	1	0.0481018
7	1	17	1	3090.25
7	1	18	1	-0.0813697
7	1	24	1	29.6861
7	1	34	1	-0.102327
7	1	35	1	-0.000992863
7	1	35	2	-0.000992863
7	1	35	3	-0.00240245
7	1	35	4	-0.00240245
7	1	35	5	0.0010898
7	1	35	6	0.0010898
7	1	38	1	-1.97947
8	1	17	1	-0.108159
8	1	18	1	2779.17
8	1	24	1	1346.31
8	1	27	1	3.51818
8	1	34	1	622.176
8	1	35	1	122.893
8	1	35	2	122.893
8	1	35	3	122.89
8	1	35	4	122.89
8	1	35	5	122.96
8	1	35	6	122.96
8	1	37	1	-1.97947
8	1	38	1	1126.43
8	1	39	1	-0.019401
8	1	39	2	-0.019401
8	1	39	3	-0.019401
8	1	39	4	-0.019401
8	1	39	5	-0.019401
8	1	39	6	-0.019401
8	1	39	7	-0.0263858
8	1	39	8	-0.0263884
8	1	39	9	-0.0201651
8	1	39	10	-0.0201651
17	1	18	1	-0.0698247
17	1	24	1	11.0208
17	1	34	1	-4.96547e-05
17	1	38	1	3.51818
18	1	24	1	1783.64
18	1	27	1	2.54572
18	1	34	1	511.365
18	1	35	1	0.560889
18	1	35	2	0.560889
18	1	35	3	0.572939
18	1	35	4	0.572939
18	1	35	5	0.574267
18	1	35	6	0.574267
18	1	37	1	-1.33716
18	1	38	1	654.963
18	1	39	1	-0.00482526
18	1	39	2	-0.00482526
18	1	39	3	-0.00482526
18	1	39	4	-0.00482526
18	1	39	5	-0.00482526
18	1	39	6	-0.00482526
18	1	39	7	-0.00447621
18	1	39	8	-0.00447621
18	1	39	9	-0.0048258
18	1	39	10	-0.0048258
24	1	27	1	-1.78551
24	1	34	1	-0.443119
24	1	35	1	-0.0962965
24	1	35	2	-0.0962965
24	1	35	3	-0.0946785
24	1	35	4	-0.0946785
24	1	35	5	-0.0963088
24	1	35	6	-0.0963088
24	1	37	1	21.9786
24	1	38	1	1901.21
24	1	39	1	-0.00118566
24	1	39	2	-0.00118566
24	1	39	3	-0.00118566
24	1	39	4	-0.00118566
24	1	39	5	-0.00118566
24	1	39	6	-0.00118566
24	1	39	7	-0.00118566
24	1	39	8	-0.00118566
24	1	39	9	-0.00118566
24	1	39	10	-0.00118566
27	1	34	1	623.647
27	1	35	1	-0.0103568
27	1	35	2	-0.0103568
27	1	35	3	-0.0103568
27	1	35	4	-0.0103568
27	1	35	5	-0.0103568
27	1	35	6	-0.0103568
27	1	37	1	3090.25
27	1	38	1	-0.108159
27	1	39	1	-3.32879e-05
27	1	39	2	-3.32879e-05
27	1	39	3	-3.32879e-05
27	1	39	4	-3.32879e-05
27	1	39	5	-3.32879e-05
27	1	39	6	-3.32879e-05
27	1	39	7	-3.32879e-05
27	1	39	8	-3.32879e-05
27	1	39	9	-3.32879e-05
27	1	39	10	-3.32879e-05
34	1	35	1	0.388502
34	1	35	2	0.388502
34	1	35	3	0.361273
34	1	35	4	0.361273
34	1	35	5	0.323627
34	1	35	6	0.323627
34	1	37	1	-1.95703
34	1	38	1	0.643587
34	1	39	1	-0.162132
34	1	39	2	-0.162132
34	1	39	3	-0.162132
34	1	39	4	-0.162132
34	1	39	5	-0.162132
34	1	39	6	-0.162132
34	1	39	7	-0.162968
34	1	39	8	-0.162968
34	1	39	9	-0.162132
34	1	39	10	-0.162132
35	1	37	1	0.0128254
35	2	37	1	0.0128254
35	3	37	1	0.0128262
35	4	37	1	0.0128262
35	5	37	1	0.0121927
35	6	37	1	0.0121927
35	1	38	1	-1.63162
35	2	38	1	-1.63162
35	3	38	1	-1.69623
35	4	38	1	-1.69623
35	5	38	1	-1.75586
35	6	38	1	-1.75586
35	1	39	1	-2.08434
35	1	39	2	-2.08434
35	1	39	3	-2.04251
35	1	39	4	-2.04251
35	1	39	5	-2.15895
35	1	39	6	-2.15895
35	1	39	7	1087.27
35	1	39	8	1145.24
35	1	39	9	1046.36
35	1	39	10	1102.12
35	2	39	1	-2.08196
35	2	39	2	-2.08196
35	2	39	3	-2.05023
35	2	39	4	-2.05023
35	2	39	5	-2.14931
35	2	39	6	-2.14931
35	2	39	7	1109.43
35	2	39	8	1159.28
35	2	39	9	1063.76
35	2	39	10	1115.44
35	3	39	1	-2.04075
35	3	39	2	-2.04075
35	3	39	3	-2.00704
35	3	39	4	-2.00704
35	3	39	5	-2.09571
35	3	39	6	-2.09571
35	3	39	7	1059.19
35	3	39	8	1113.25
35	3	39	9	967.814
35	3	39	10	1021.53
35	4	39	1	-2.0256
35	4	39	2	-2.0256
35	4	39	3	-2.0024
35	4	39	4	-2.0024
35	4	39	5	-2.08457
35	4	39	6	-2.08457
35	4	39	7	1089.69
35	4	39	8	1133.5
35	4	39	9	992.588
35	4	39	10	1041.1
35	5	39	1	-2.23989
35	5	39	2	-2.23989
35	5	39	3	-2.18084
35	5	39	4	-2.18084
35	5	39	5	-2.30152
35	5	39	6	-2.30152
35	5	39	7	1180.93
35	5	39	8	1233.97
35	5	39	9	1044.07
35	5	39	10	1102.68
35	6	39	1	-2.20877
35	6	39	2	-2.20877
35	6	39	3	-2.15589
35	6	39	4	-2.15589
35	6	39	5	-2.27361
35	6	39	6	-2.27361
35	6	39	7	1206.81
35	6	39	8	1253.97
35	6	39	9	1064.7
35	6	39	10	1121.37
37	1	38	1	0.0481018
37	1	39	1	0.0387513
37	1	39	2	0.0387513
37	1	39	3	0.0387513
37	1	39	4	0.0387513
37	1	39	5	0.0387513
37	1	39	6	0.0387513
37	1	39	7	0.0101481
37	1	39	8	0.0101481
37	1	39	9	0.0366577
37	1	39	10	0.0366577
38	1	39	1	0.3993
38	1	39	2	0.3993
38	1	39	3	0.371917
38	1	39	4	0.371917
38	1	39	5	0.400553
38	1	39	6	0.400553
38	1	39	7	0.043981
38	1	39	8	0.043981
38	1	39	9	-0.0744201
38	1	39	10	-0.0744201
[END TWOBODY SEQPOS1/ROTINDEX1/SEQPOS2/ROTINDEX2/ENERGY]
