[BEGIN ONEBODY SEQPOS/ROTINDEX/ENERGY]
14	1	-2.90787
14	2	-5.52917
14	3	-4.98285
14	4	-4.15827
14	5	-2.82098
14	6	0.876824
14	7	-2.23015
14	8	0.455253
14	9	3.22207
14	10	0.634434
14	11	-2.22175
14	12	-0.0448792
14	13	-1.42523
14	14	-0.659394
15	1	-0.417823
15	2	-4.33705
15	3	-3.15665
15	4	-3.55779
15	5	-3.10028
15	6	-4.8932
15	7	-3.30122
15	8	-3.12572
15	9	-2.53626
15	10	-3.13933
15	11	-4.55328
15	12	-2.92131
15	13	-1.65136
15	14	-2.21099
15	15	-3.91904
15	16	-2.65243
15	17	-3.3165
15	18	-1.68322
15	19	-2.17768
15	20	-1.87234
18	1	85.4595
28	1	0.000703454
28	2	0.603957
28	3	1.11606
[END ONEBODY SEQPOS/ROTINDEX/ENERGY]
[BEGIN TWOBODY SEQPOS1/ROTINDEX1/SEQPOS2/ROTINDEX2/ENERGY]
14	1	15	1	0.280013
14	1	15	2	0.279965
14	1	15	3	0.367374
14	1	15	4	0.279987
14	1	15	5	0.395075
14	1	15	6	0.288179
14	1	15	7	0.395075
14	1	15	8	0.395075
14	1	15	9	0.31716
14	1	15	10	0.395075
14	1	15	11	0.299618
14	1	15	12	0.395075
14	1	15	13	0.379314
14	1	15	14	0.357326
14	1	15	15	0.32714
14	1	15	16	0.395075
14	1	15	17	0.279592
14	1	15	18	0.368014
14	1	15	19	0.395075
14	1	15	20	0.395075
14	2	15	1	0.296393
14	2	15	2	0.296345
14	2	15	3	0.382547
14	2	15	4	0.296367
14	2	15	5	0.410248
14	2	15	6	0.304558
14	2	15	7	0.410248
14	2	15	8	0.410248
14	2	15	9	0.332333
14	2	15	10	0.410248
14	2	15	11	0.315997
14	2	15	12	0.410248
14	2	15	13	0.394487
14	2	15	14	0.372498
14	2	15	15	0.34352
14	2	15	16	0.410248
14	2	15	17	0.295972
14	2	15	18	0.383187
14	2	15	19	0.410248
14	2	15	20	0.410248
14	3	15	1	0.310748
14	3	15	2	0.3107
14	3	15	3	0.395618
14	3	15	4	0.310722
14	3	15	5	0.423319
14	3	15	6	0.318913
14	3	15	7	0.423319
14	3	15	8	0.423319
14	3	15	9	0.345404
14	3	15	10	0.423319
14	3	15	11	0.330352
14	3	15	12	0.423319
14	3	15	13	0.407558
14	3	15	14	0.385569
14	3	15	15	0.357875
14	3	15	16	0.423319
14	3	15	17	0.310327
14	3	15	18	0.396258
14	3	15	19	0.423319
14	3	15	20	0.423319
14	4	15	1	0.303317
14	4	15	2	0.303269
14	4	15	3	0.388003
14	4	15	4	0.303292
14	4	15	5	0.415704
14	4	15	6	0.311483
14	4	15	7	0.415704
14	4	15	8	0.415704
14	4	15	9	0.337789
14	4	15	10	0.415704
14	4	15	11	0.322922
14	4	15	12	0.415704
14	4	15	13	0.399943
14	4	15	14	0.377954
14	4	15	15	0.350445
14	4	15	16	0.415704
14	4	15	17	0.302896
14	4	15	18	0.388643
14	4	15	19	0.415704
14	4	15	20	0.415704
14	5	15	1	0.326234
14	5	15	2	0.326186
14	5	15	3	0.410935
14	5	15	4	0.326209
14	5	15	5	0.438636
14	5	15	6	0.3344
14	5	15	7	0.438636
14	5	15	8	0.438636
14	5	15	9	0.36072
14	5	15	10	0.438636
14	5	15	11	0.345839
14	5	15	12	0.438636
14	5	15	13	0.422875
14	5	15	14	0.400886
14	5	15	15	0.373362
14	5	15	16	0.438636
14	5	15	17	0.325813
14	5	15	18	0.411574
14	5	15	19	0.438636
14	5	15	20	0.438636
14	6	15	1	0.303154
14	6	15	2	0.303106
14	6	15	3	0.387845
14	6	15	4	0.303128
14	6	15	5	0.415546
14	6	15	6	0.311319
14	6	15	7	0.415546
14	6	15	8	0.415546
14	6	15	9	0.337631
14	6	15	10	0.415546
14	6	15	11	0.322758
14	6	15	12	0.415546
14	6	15	13	0.399785
14	6	15	14	0.377796
14	6	15	15	0.350281
14	6	15	16	0.415546
14	6	15	17	0.302733
14	6	15	18	0.388485
14	6	15	19	0.415546
14	6	15	20	0.415546
14	7	15	1	0.358865
14	7	15	2	0.358805
14	7	15	3	0.451061
14	7	15	4	0.358832
14	7	15	5	0.478773
14	7	15	6	0.367337
14	7	15	7	0.478773
14	7	15	8	0.478773
14	7	15	9	0.400806
14	7	15	10	0.478773
14	7	15	11	0.378668
14	7	15	12	0.478773
14	7	15	13	0.46297
14	7	15	14	0.441012
14	7	15	15	0.406098
14	7	15	16	0.478773
14	7	15	17	0.358418
14	7	15	18	0.45169
14	7	15	19	0.478773
14	7	15	20	0.478773
14	8	15	1	0.327299
14	8	15	2	0.327239
14	8	15	3	0.428929
14	8	15	4	0.327266
14	8	15	5	0.456662
14	8	15	6	0.335772
14	8	15	7	0.456662
14	8	15	8	0.456662
14	8	15	9	0.378674
14	8	15	10	0.456662
14	8	15	11	0.345875
14	8	15	12	0.456662
14	8	15	13	0.440801
14	8	15	14	0.41888
14	8	15	15	0.37157
14	8	15	16	0.456662
14	8	15	17	0.326853
14	8	15	18	0.429558
14	8	15	19	0.456662
14	8	15	20	0.456662
14	9	15	1	0.272604
14	9	15	2	0.272544
14	9	15	3	0.367508
14	9	15	4	0.272572
14	9	15	5	0.395215
14	9	15	6	0.281076
14	9	15	7	0.395215
14	9	15	8	0.395215
14	9	15	9	0.317252
14	9	15	10	0.395215
14	9	15	11	0.292344
14	9	15	12	0.395215
14	9	15	13	0.379435
14	9	15	14	0.357459
14	9	15	15	0.319835
14	9	15	16	0.395215
14	9	15	17	0.272158
14	9	15	18	0.368137
14	9	15	19	0.395215
14	9	15	20	0.395215
14	10	15	1	0.303121
14	10	15	2	0.303073
14	10	15	3	0.387807
14	10	15	4	0.303096
14	10	15	5	0.415508
14	10	15	6	0.311287
14	10	15	7	0.415508
14	10	15	8	0.415508
14	10	15	9	0.337593
14	10	15	10	0.415508
14	10	15	11	0.322726
14	10	15	12	0.415508
14	10	15	13	0.399747
14	10	15	14	0.377758
14	10	15	15	0.350249
14	10	15	16	0.415508
14	10	15	17	0.3027
14	10	15	18	0.388447
14	10	15	19	0.415508
14	10	15	20	0.415508
14	11	15	1	0.346454
14	11	15	2	0.346393
14	11	15	3	0.432332
14	11	15	4	0.346421
14	11	15	5	0.46004
14	11	15	6	0.354926
14	11	15	7	0.46004
14	11	15	8	0.46004
14	11	15	9	0.382077
14	11	15	10	0.46004
14	11	15	11	0.366264
14	11	15	12	0.46004
14	11	15	13	0.44426
14	11	15	14	0.422283
14	11	15	15	0.393703
14	11	15	16	0.46004
14	11	15	17	0.346007
14	11	15	18	0.432961
14	11	15	19	0.46004
14	11	15	20	0.46004
14	12	15	1	0.365855
14	12	15	2	0.365807
14	12	15	3	0.436581
14	12	15	4	0.365829
14	12	15	5	0.464284
14	12	15	6	0.376539
14	12	15	7	0.464284
14	12	15	8	0.464284
14	12	15	9	0.386367
14	12	15	10	0.464284
14	12	15	11	0.401458
14	12	15	12	0.464284
14	12	15	13	0.448519
14	12	15	14	0.426533
14	12	15	15	0.413411
14	12	15	16	0.464284
14	12	15	17	0.365434
14	12	15	18	0.437221
14	12	15	19	0.464284
14	12	15	20	0.464284
14	13	15	1	0.281252
14	13	15	2	0.281203
14	13	15	3	0.343738
14	13	15	4	0.281226
14	13	15	5	0.37138
14	13	15	6	0.29118
14	13	15	7	0.37138
14	13	15	8	0.37138
14	13	15	9	0.293524
14	13	15	10	0.37138
14	13	15	11	0.301246
14	13	15	12	0.37138
14	13	15	13	0.355776
14	13	15	14	0.333689
14	13	15	15	0.328379
14	13	15	16	0.37138
14	13	15	17	0.280831
14	13	15	18	0.344378
14	13	15	19	0.37138
14	13	15	20	0.37138
14	14	15	1	0.301618
14	14	15	2	0.301566
14	14	15	3	0.364132
14	14	15	4	0.301592
14	14	15	5	0.391649
14	14	15	6	0.338194
14	14	15	7	0.391649
14	14	15	8	0.391649
14	14	15	9	0.313918
14	14	15	10	0.391649
14	14	15	11	0.355484
14	14	15	12	0.391649
14	14	15	13	0.37639
14	14	15	14	0.354083
14	14	15	15	0.351877
14	14	15	16	0.391649
14	14	15	17	0.301197
14	14	15	18	0.364772
14	14	15	19	0.391649
14	14	15	20	0.391649
14	1	18	1	-1.78987
14	2	18	1	-1.82415
14	3	18	1	-1.84578
14	4	18	1	-1.86257
14	5	18	1	-1.826
14	6	18	1	-1.76851
14	7	18	1	-1.7899
14	8	18	1	-1.7899
14	9	18	1	-1.7899
14	10	18	1	-1.75955
14	11	18	1	-1.7899
14	12	18	1	-1.79094
14	13	18	1	-1.80735
14	14	18	1	-1.7838
14	1	28	1	260.479
14	1	28	2	149.855
14	1	28	3	99.9336
14	2	28	1	261.138
14	2	28	2	151.264
14	2	28	3	101.308
14	3	28	1	261.14
14	3	28	2	152.058
14	3	28	3	102.979
14	4	28	1	260.353
14	4	28	2	150.28
14	4	28	3	101.196
14	5	28	1	259.621
14	5	28	2	149.063
14	5	28	3	99.5862
14	6	28	1	260.267
14	6	28	2	149.32
14	6	28	3	99.3933
14	7	28	1	257.731
14	7	28	2	147.274
14	7	28	3	98.8645
14	8	28	1	257.752
14	8	28	2	147.314
14	8	28	3	98.9377
14	9	28	1	257.742
14	9	28	2	147.335
14	9	28	3	98.988
14	10	28	1	260.923
14	10	28	2	149.683
14	10	28	3	99.0301
14	11	28	1	257.685
14	11	28	2	147.215
14	11	28	3	98.7962
14	12	28	1	259.424
14	12	28	2	148.681
14	12	28	3	99.0849
14	13	28	1	259.141
14	13	28	2	149.14
14	13	28	3	99.5096
14	14	28	1	259.33
14	14	28	2	148.592
14	14	28	3	98.9451
15	1	18	1	-1.51315
15	2	18	1	-1.51315
15	3	18	1	-1.43288
15	4	18	1	-1.51316
15	5	18	1	-1.52989
15	6	18	1	-1.51315
15	7	18	1	-1.52989
15	8	18	1	-1.52989
15	9	18	1	-1.37507
15	10	18	1	-1.52989
15	11	18	1	-1.51315
15	12	18	1	-1.52989
15	13	18	1	-1.53838
15	14	18	1	-1.48931
15	15	18	1	-1.51315
15	16	18	1	-1.52989
15	17	18	1	-1.51315
15	18	18	1	-1.17999
15	19	18	1	-1.52989
15	20	18	1	-1.52989
15	1	28	1	-0.639509
15	1	28	2	-0.9077
15	1	28	3	-1.07345
15	2	28	1	-0.835992
15	2	28	2	-1.10418
15	2	28	3	-1.26993
15	3	28	1	-1.01271
15	3	28	2	-1.24181
15	3	28	3	-1.42526
15	4	28	1	-0.701519
15	4	28	2	-0.96971
15	4	28	3	-1.13546
15	5	28	1	-0.107143
15	5	28	2	-0.336144
15	5	28	3	-0.519628
15	6	28	1	-0.931489
15	6	28	2	-1.19968
15	6	28	3	-1.36543
15	7	28	1	-0.103895
15	7	28	2	-0.332896
15	7	28	3	-0.51638
15	8	28	1	-0.107016
15	8	28	2	-0.336017
15	8	28	3	-0.5195
15	9	28	1	-0.821844
15	9	28	2	-1.05249
15	9	28	3	-1.23859
15	10	28	1	-0.0849478
15	10	28	2	-0.313949
15	10	28	3	-0.497433
15	11	28	1	-0.757154
15	11	28	2	-1.02534
15	11	28	3	-1.19109
15	12	28	1	-0.0245946
15	12	28	2	-0.253596
15	12	28	3	-0.437079
15	13	28	1	-0.12231
15	13	28	2	-0.350948
15	13	28	3	-0.534287
15	14	28	1	-0.795824
15	14	28	2	-1.02469
15	14	28	3	-1.20809
15	15	28	1	-0.620077
15	15	28	2	-0.888269
15	15	28	3	-1.05402
15	16	28	1	-0.0976159
15	16	28	2	-0.326617
15	16	28	3	-0.510101
15	17	28	1	-0.498382
15	17	28	2	-0.766574
15	17	28	3	-0.932325
15	18	28	1	-0.25905
15	18	28	2	-0.507087
15	18	28	3	-0.7024
15	19	28	1	-0.109852
15	19	28	2	-0.338853
15	19	28	3	-0.522337
15	20	28	1	-0.0383066
15	20	28	2	-0.267308
15	20	28	3	-0.450792
18	1	28	1	813.354
18	1	28	2	800.633
18	1	28	3	798.147
[END TWOBODY SEQPOS1/ROTINDEX1/SEQPOS2/ROTINDEX2/ENERGY]
