[BEGIN ONEBODY SEQPOS/ROTINDEX/ENERGY]
4	1	18.5394
5	1	-3.87528
5	2	-2.83011
5	3	-3.53027
5	4	-3.41762
5	5	-3.50394
5	6	-3.41426
5	7	-2.22666
5	8	-3.01971
5	9	-1.69305
5	10	-0.970984
8	1	363.724
17	1	342.704
24	1	53.1455
35	1	-2.54692
35	2	1.36248
35	3	-2.16966
35	4	-2.20496
35	5	-2.09252
35	6	-1.73873
35	7	-1.36562
35	8	0.139876
35	9	0.926842
37	1	342.362
38	1	5.20661
39	1	-0.67377
39	2	-1.40081
39	3	-0.0336179
39	4	-0.269688
39	5	-0.0521704
39	6	-0.857348
39	7	0.0698511
39	8	0.066476
39	9	-0.41265
39	10	-0.717727
39	11	0.660262
39	12	0.0873284
39	13	0.597283
39	14	0.117962
39	15	1.03051
39	16	-0.0536808
[END ONEBODY SEQPOS/ROTINDEX/ENERGY]
[BEGIN TWOBODY SEQPOS1/ROTINDEX1/SEQPOS2/ROTINDEX2/ENERGY]
4	1	5	1	0.155448
4	1	5	2	0.125902
4	1	5	3	0.155448
4	1	5	4	0.155448
4	1	5	5	0.155448
4	1	5	6	0.155448
4	1	5	7	0.152583
4	1	5	8	0.155448
4	1	5	9	0.20737
4	1	5	10	0.149446
4	1	8	1	310.453
4	1	17	1	22.6371
4	1	24	1	1743.84
4	1	35	1	-0.0966619
4	1	35	2	0.0750102
4	1	35	3	-0.0966619
4	1	35	4	-0.0966619
4	1	35	5	-0.0966619
4	1	35	6	-0.0966619
4	1	35	7	-0.0966619
4	1	35	8	0.25188
4	1	35	9	-0.0970399
4	1	37	1	2.43846
4	1	38	1	1553.24
4	1	39	1	0.39577
4	1	39	2	0.39577
4	1	39	3	0.39577
4	1	39	4	0.39577
4	1	39	5	0.39577
4	1	39	6	0.39577
4	1	39	7	0.39577
4	1	39	8	0.39577
4	1	39	9	0.39577
4	1	39	10	0.39577
4	1	39	11	0.39577
4	1	39	12	0.39577
4	1	39	13	0.39577
4	1	39	14	0.39577
4	1	39	15	0.39577
4	1	39	16	0.39577
5	1	8	1	4.24204
5	2	8	1	4.65426
5	3	8	1	4.24204
5	4	8	1	4.24204
5	5	8	1	4.24204
5	6	8	1	4.24204
5	7	8	1	4.52851
5	8	8	1	4.24204
5	9	8	1	4.94612
5	10	8	1	4.25023
5	1	17	1	0.0151519
5	2	17	1	0.0151519
5	3	17	1	0.0151519
5	4	17	1	0.0151519
5	5	17	1	0.0151519
5	6	17	1	0.0151519
5	7	17	1	0.0151519
5	8	17	1	0.0151519
5	9	17	1	0.0151519
5	10	17	1	0.0151519
5	1	24	1	0.244355
5	2	24	1	0.243298
5	3	24	1	0.244355
5	4	24	1	0.244355
5	5	24	1	0.244355
5	6	24	1	0.244355
5	7	24	1	0.244249
5	8	24	1	0.244355
5	9	24	1	0.243245
5	10	24	1	0.242874
5	1	35	1	-0.0649472
5	1	35	2	9.82238
5	1	35	3	-0.177004
5	1	35	4	0.00535375
5	1	35	5	-0.0154687
5	1	35	6	-0.152485
5	1	35	7	-0.0311951
5	1	35	8	11.138
5	1	35	9	1.11305
5	2	35	1	9.82238
5	2	35	2	115.087
5	2	35	3	9.64419
5	2	35	4	9.86452
5	2	35	5	9.64011
5	2	35	6	9.53238
5	2	35	7	9.58839
5	2	35	8	48.4192
5	2	35	9	83.3816
5	3	35	1	-0.177004
5	3	35	2	9.64419
5	3	35	3	-0.247749
5	3	35	4	-0.0679711
5	3	35	5	-0.034667
5	3	35	6	-0.171795
5	3	35	7	-0.0451437
5	3	35	8	11.0239
5	3	35	9	0.791609
5	4	35	1	0.00535378
5	4	35	2	9.86452
5	4	35	3	-0.0679711
5	4	35	4	0.0783596
5	4	35	5	0.104579
5	4	35	6	-0.0262421
5	4	35	7	0.0947622
5	4	35	8	11.1338
5	4	35	9	1.40018
5	5	35	1	-0.0154688
5	5	35	2	9.64011
5	5	35	3	-0.034667
5	5	35	4	0.104579
5	5	35	5	0.17858
5	5	35	6	0.0489459
5	5	35	7	0.175935
5	5	35	8	11.0037
5	5	35	9	1.28409
5	6	35	1	-0.152485
5	6	35	2	9.53238
5	6	35	3	-0.171795
5	6	35	4	-0.0262421
5	6	35	5	0.0489459
5	6	35	6	-0.0816808
5	6	35	7	0.0459376
5	6	35	8	10.936
5	6	35	9	0.797373
5	7	35	1	17.1276
5	7	35	2	205.381
5	7	35	3	16.849
5	7	35	4	17.2714
5	7	35	5	17.0881
5	7	35	6	16.8341
5	7	35	7	16.9578
5	7	35	8	130.15
5	7	35	9	61.9963
5	8	35	1	-0.0311951
5	8	35	2	9.58839
5	8	35	3	-0.0451437
5	8	35	4	0.0947622
5	8	35	5	0.175935
5	8	35	6	0.0459377
5	8	35	7	0.173556
5	8	35	8	10.9897
5	8	35	9	0.95139
5	9	35	1	11.138
5	9	35	2	48.4192
5	9	35	3	11.0239
5	9	35	4	11.1338
5	9	35	5	11.0037
5	9	35	6	10.936
5	9	35	7	10.9897
5	9	35	8	29.8067
5	9	35	9	75.6078
5	10	35	1	1.11305
5	10	35	2	83.3816
5	10	35	3	0.791609
5	10	35	4	1.40018
5	10	35	5	1.28409
5	10	35	6	0.797372
5	10	35	7	0.95139
5	10	35	8	75.6078
5	10	35	9	1.77193
5	1	37	1	0.00111528
5	2	37	1	-0.040094
5	3	37	1	0.00111528
5	4	37	1	0.00111528
5	5	37	1	0.00111528
5	6	37	1	0.00111528
5	7	37	1	-0.00755641
5	8	37	1	0.00111528
5	9	37	1	-0.0221795
5	10	37	1	0.00113925
5	1	38	1	126.574
5	2	38	1	126.718
5	3	38	1	126.625
5	4	38	1	126.54
5	5	38	1	126.515
5	6	38	1	126.568
5	7	38	1	126.345
5	8	38	1	126.446
5	9	38	1	127.141
5	10	38	1	126.479
5	1	39	1	0.00912745
5	1	39	2	5.85819
5	1	39	3	9.90893
5	1	39	4	0.140234
5	1	39	5	0.0497456
5	1	39	6	6.06664
5	1	39	7	0.25607
5	1	39	8	0.615936
5	1	39	9	612.12
5	1	39	10	5.11706
5	1	39	11	8.65315
5	1	39	12	555.802
5	1	39	13	0.657721
5	1	39	14	5.74118
5	1	39	15	7.65701
5	1	39	16	4.74984
5	2	39	1	3.84512
5	2	39	2	159.962
5	2	39	3	5.11159
5	2	39	4	4.24934
5	2	39	5	3.54338
5	2	39	6	158.104
5	2	39	7	3.39162
5	2	39	8	4.17408
5	2	39	9	373.173
5	2	39	10	161.346
5	2	39	11	4.8873
5	2	39	12	297.669
5	2	39	13	3.60468
5	2	39	14	157.384
5	2	39	15	4.7715
5	2	39	16	159.659
5	3	39	1	-0.175849
5	3	39	2	5.45418
5	3	39	3	28.8309
5	3	39	4	0.0980752
5	3	39	5	-0.0647009
5	3	39	6	5.60304
5	3	39	7	0.248395
5	3	39	8	0.518382
5	3	39	9	619.209
5	3	39	10	5.03208
5	3	39	11	12.2398
5	3	39	12	530.712
5	3	39	13	0.573802
5	3	39	14	5.39602
5	3	39	15	27.3772
5	3	39	16	4.83336
5	4	39	1	0.288428
5	4	39	2	16.3279
5	4	39	3	12.7759
5	4	39	4	0.39294
5	4	39	5	0.311455
5	4	39	6	16.7504
5	4	39	7	0.429916
5	4	39	8	0.856332
5	4	39	9	725.93
5	4	39	10	15.4207
5	4	39	11	17.8901
5	4	39	12	702.358
5	4	39	13	0.860887
5	4	39	14	16.4172
5	4	39	15	7.07324
5	4	39	16	15.0169
5	5	39	1	0.891825
5	5	39	2	57.2993
5	5	39	3	66.0971
5	5	39	4	1.08161
5	5	39	5	0.869623
5	5	39	6	57.7323
5	5	39	7	1.01199
5	5	39	8	1.52139
5	5	39	9	900.89
5	5	39	10	56.5532
5	5	39	11	78.3261
5	5	39	12	837.573
5	5	39	13	1.44187
5	5	39	14	57.5179
5	5	39	15	17.866
5	5	39	16	56.276
5	6	39	1	0.49014
5	6	39	2	24.066
5	6	39	3	97.9222
5	6	39	4	0.539864
5	6	39	5	0.530749
5	6	39	6	24.2355
5	6	39	7	0.65918
5	6	39	8	0.934252
5	6	39	9	754.458
5	6	39	10	23.6929
5	6	39	11	59.2374
5	6	39	12	681.769
5	6	39	13	0.986854
5	6	39	14	24.0843
5	6	39	15	83.8432
5	6	39	16	23.4874
5	7	39	1	20.0469
5	7	39	2	230.932
5	7	39	3	21.5933
5	7	39	4	20.3913
5	7	39	5	19.7577
5	7	39	6	229.994
5	7	39	7	19.6422
5	7	39	8	20.3166
5	7	39	9	454.606
5	7	39	10	231.715
5	7	39	11	21.2659
5	7	39	12	376.168
5	7	39	13	19.8003
5	7	39	14	229.698
5	7	39	15	21.2906
5	7	39	16	231.333
5	8	39	1	1.14953
5	8	39	2	62.5912
5	8	39	3	117.269
5	8	39	4	1.20951
5	8	39	5	1.17876
5	8	39	6	62.9453
5	8	39	7	1.26508
5	8	39	8	1.5958
5	8	39	9	924.975
5	8	39	10	62.1836
5	8	39	11	103.224
5	8	39	12	833.103
5	8	39	13	1.617
5	8	39	14	62.802
5	8	39	15	76.9038
5	8	39	16	61.9396
5	9	39	1	1.75448
5	9	39	2	145.94
5	9	39	3	2.97171
5	9	39	4	2.24242
5	9	39	5	1.50436
5	9	39	6	140.94
5	9	39	7	1.40657
5	9	39	8	2.18602
5	9	39	9	359.051
5	9	39	10	148.481
5	9	39	11	2.84923
5	9	39	12	294.225
5	9	39	13	1.56343
5	9	39	14	139.087
5	9	39	15	2.55834
5	9	39	16	142.312
5	10	39	1	-0.490618
5	10	39	2	2.19023
5	10	39	3	0.277125
5	10	39	4	-0.461877
5	10	39	5	-0.483358
5	10	39	6	1.98216
5	10	39	7	-0.490029
5	10	39	8	-0.420204
5	10	39	9	216.804
5	10	39	10	2.1227
5	10	39	11	0.075322
5	10	39	12	145.055
5	10	39	13	-0.479076
5	10	39	14	1.59828
5	10	39	15	0.0260733
5	10	39	16	1.71428
8	1	17	1	-0.235897
8	1	24	1	1.25755
8	1	35	1	125.5
8	1	35	2	126.181
8	1	35	3	125.55
8	1	35	4	125.465
8	1	35	5	125.44
8	1	35	6	125.493
8	1	35	7	125.371
8	1	35	8	126.823
8	1	35	9	125.401
8	1	37	1	-0.391483
8	1	38	1	1049.39
8	1	39	1	0.113001
8	1	39	2	0.110085
8	1	39	3	0.113001
8	1	39	4	0.113001
8	1	39	5	0.113001
8	1	39	6	0.110085
8	1	39	7	0.113001
8	1	39	8	0.113001
8	1	39	9	0.110103
8	1	39	10	0.110085
8	1	39	11	0.113001
8	1	39	12	0.110103
8	1	39	13	0.113001
8	1	39	14	0.110085
8	1	39	15	0.113001
8	1	39	16	0.110085
17	1	24	1	0.279425
17	1	38	1	0.137495
24	1	35	1	-0.00390128
24	1	35	2	-0.00390128
24	1	35	3	-0.00390128
24	1	35	4	-0.00390128
24	1	35	5	-0.00390128
24	1	35	6	-0.00390128
24	1	35	7	-0.00390128
24	1	35	8	-0.00390128
24	1	35	9	-0.00390128
24	1	37	1	44.4807
24	1	38	1	141.545
24	1	39	1	0.259892
24	1	39	2	0.259878
24	1	39	3	0.259891
24	1	39	4	0.259892
24	1	39	5	0.259892
24	1	39	6	0.259878
24	1	39	7	0.259892
24	1	39	8	0.259892
24	1	39	9	0.259879
24	1	39	10	0.259878
24	1	39	11	0.259891
24	1	39	12	0.259879
24	1	39	13	0.259892
24	1	39	14	0.259878
24	1	39	15	0.259891
24	1	39	16	0.259878
35	1	37	1	0.0324679
35	2	37	1	0.032277
35	3	37	1	0.0324679
35	4	37	1	0.0324679
35	5	37	1	0.0324679
35	6	37	1	0.0324679
35	7	37	1	0.0324679
35	8	37	1	0.032277
35	9	37	1	0.0345064
35	1	38	1	-1.10454
35	2	38	1	-1.13513
35	3	38	1	-1.10454
35	4	38	1	-1.10454
35	5	38	1	-1.10454
35	6	38	1	-1.10454
35	7	38	1	-1.10454
35	8	38	1	-1.06148
35	9	38	1	-1.11591
35	1	39	1	-1.27258
35	1	39	2	0.274863
35	1	39	3	-1.63791
35	1	39	4	-1.32616
35	1	39	5	-1.43114
35	1	39	6	0.0485643
35	1	39	7	-1.62207
35	1	39	8	-1.54611
35	1	39	9	-0.882146
35	1	39	10	0.971685
35	1	39	11	-1.65316
35	1	39	12	-0.735058
35	1	39	13	-1.66741
35	1	39	14	0.134249
35	1	39	15	-1.65546
35	1	39	16	1.35555
35	2	39	1	-1.29652
35	2	39	2	0.861481
35	2	39	3	-1.58249
35	2	39	4	-1.30453
35	2	39	5	-1.46294
35	2	39	6	0.458723
35	2	39	7	-1.65366
35	2	39	8	-1.52116
35	2	39	9	0.591119
35	2	39	10	1.46203
35	2	39	11	-1.55931
35	2	39	12	0.85449
35	2	39	13	-1.69116
35	2	39	14	0.518129
35	2	39	15	-1.67276
35	2	39	16	1.82037
35	3	39	1	-1.26629
35	3	39	2	0.490547
35	3	39	3	-1.63804
35	3	39	4	-1.30358
35	3	39	5	-1.43127
35	3	39	6	0.297031
35	3	39	7	-1.6222
35	3	39	8	-1.53492
35	3	39	9	-0.890506
35	3	39	10	1.18907
35	3	39	11	-1.65329
35	3	39	12	-0.797874
35	3	39	13	-1.66598
35	3	39	14	0.433399
35	3	39	15	-1.65559
35	3	39	16	1.67644
35	4	39	1	-1.27388
35	4	39	2	0.0425952
35	4	39	3	-1.63778
35	4	39	4	-1.33364
35	4	39	5	-1.43101
35	4	39	6	-0.219166
35	4	39	7	-1.62194
35	4	39	8	-1.55233
35	4	39	9	-0.888342
35	4	39	10	0.718806
35	4	39	11	-1.65303
35	4	39	12	-0.787602
35	4	39	13	-1.66729
35	4	39	14	-0.148919
35	4	39	15	-1.65533
35	4	39	16	1.24084
35	5	39	1	-1.27388
35	5	39	2	0.0134757
35	5	39	3	-1.63778
35	5	39	4	-1.33369
35	5	39	5	-1.43101
35	5	39	6	-0.290698
35	5	39	7	-1.62194
35	5	39	8	-1.55233
35	5	39	9	-0.895847
35	5	39	10	0.665424
35	5	39	11	-1.65303
35	5	39	12	-0.867464
35	5	39	13	-1.66729
35	5	39	14	-0.164856
35	5	39	15	-1.65533
35	5	39	16	1.27168
35	6	39	1	-1.26537
35	6	39	2	0.378198
35	6	39	3	-1.6379
35	6	39	4	-1.30832
35	6	39	5	-1.43096
35	6	39	6	0.233632
35	6	39	7	-1.62206
35	6	39	8	-1.54178
35	6	39	9	-0.908851
35	6	39	10	1.09837
35	6	39	11	-1.65315
35	6	39	12	-0.8812
35	6	39	13	-1.66706
35	6	39	14	0.410068
35	6	39	15	-1.65545
35	6	39	16	1.66913
35	7	39	1	-1.27229
35	7	39	2	0.01322
35	7	39	3	-1.63778
35	7	39	4	-1.32936
35	7	39	5	-1.43101
35	7	39	6	-0.15678
35	7	39	7	-1.62194
35	7	39	8	-1.5513
35	7	39	9	-0.902463
35	7	39	10	0.725314
35	7	39	11	-1.65303
35	7	39	12	-0.883432
35	7	39	13	-1.66729
35	7	39	14	0.0666042
35	7	39	15	-1.65533
35	7	39	16	1.35021
35	8	39	1	-1.29906
35	8	39	2	0.46626
35	8	39	3	-1.65484
35	8	39	4	-1.34833
35	8	39	5	-1.45817
35	8	39	6	0.025341
35	8	39	7	-1.64889
35	8	39	8	-1.56784
35	8	39	9	0.15006
35	8	39	10	1.06323
35	8	39	11	-1.66012
35	8	39	12	0.358771
35	8	39	13	-1.69288
35	8	39	14	0.110504
35	8	39	15	-1.68043
35	8	39	16	1.38008
35	9	39	1	0.364846
35	9	39	2	76.4396
35	9	39	3	-1.28038
35	9	39	4	0.678449
35	9	39	5	-0.253765
35	9	39	6	18.8973
35	9	39	7	-0.666066
35	9	39	8	0.0593645
35	9	39	9	1.25215
35	9	39	10	141.419
35	9	39	11	-1.11713
35	9	39	12	1.78341
35	9	39	13	-0.697478
35	9	39	14	15.8934
35	9	39	15	-1.49432
35	9	39	16	151.123
37	1	38	1	0.189398
37	1	39	1	0.037014
37	1	39	2	0.0307543
37	1	39	3	0.0367462
37	1	39	4	0.037014
37	1	39	5	0.037014
37	1	39	6	0.0309759
37	1	39	7	0.037014
37	1	39	8	0.037014
37	1	39	9	0.0303941
37	1	39	10	0.0307543
37	1	39	11	0.0367462
37	1	39	12	0.0303941
37	1	39	13	0.037014
37	1	39	14	0.0348121
37	1	39	15	0.0367462
37	1	39	16	0.0307543
38	1	39	1	0.29457
38	1	39	2	0.106654
38	1	39	3	0.270066
38	1	39	4	0.29457
38	1	39	5	0.29457
38	1	39	6	0.106654
38	1	39	7	0.29457
38	1	39	8	0.29457
38	1	39	9	0.0473652
38	1	39	10	0.106441
38	1	39	11	0.292107
38	1	39	12	0.146107
38	1	39	13	0.29457
38	1	39	14	0.106546
38	1	39	15	0.356402
38	1	39	16	0.106099
[END TWOBODY SEQPOS1/ROTINDEX1/SEQPOS2/ROTINDEX2/ENERGY]
