[BEGIN ONEBODY SEQPOS/ROTINDEX/ENERGY]
4	1	126.858
5	1	0.586544
5	2	-3.38785
5	3	-3.51447
5	4	-3.32113
5	5	2.83671
5	6	-3.2909
5	7	-3.32213
5	8	-2.15889
5	9	2.11668
5	10	-2.839
5	11	-2.27764
5	12	-2.60501
5	13	-1.06106
5	14	-2.10742
8	1	492.462
24	1	52.0923
37	1	335.84
38	1	21.0163
39	1	-2.24106
39	2	-2.20342
39	3	-1.46449
39	4	-1.69082
39	5	-1.09761
39	6	-0.86205
39	7	-2.03235
39	8	-0.971138
39	9	-0.863482
39	10	-0.906528
39	11	-0.83999
39	12	-1.71548
39	13	-0.708456
39	14	-0.787762
39	15	0.736005
39	16	-0.328662
39	17	-1.07472
39	18	-0.462775
39	19	-0.510663
39	20	0.167294
39	21	0.150326
39	22	0.368706
39	23	0.0437388
39	24	0.040322
39	25	0.708983
[END ONEBODY SEQPOS/ROTINDEX/ENERGY]
[BEGIN TWOBODY SEQPOS1/ROTINDEX1/SEQPOS2/ROTINDEX2/ENERGY]
4	1	5	1	0.387682
4	1	5	2	0.415388
4	1	5	3	0.415388
4	1	5	4	0.415388
4	1	5	5	0.337569
4	1	5	6	0.415388
4	1	5	7	0.415388
4	1	5	8	0.39965
4	1	5	9	0.377657
4	1	5	10	0.415388
4	1	5	11	0.415388
4	1	5	12	0.415388
4	1	5	13	0.400557
4	1	5	14	0.415345
4	1	8	1	316.063
4	1	24	1	671.045
4	1	37	1	0.164602
4	1	38	1	1087.51
4	1	39	1	-0.0543896
4	1	39	2	-0.0543896
4	1	39	3	-0.0543896
4	1	39	4	-0.0543896
4	1	39	5	-0.0484861
4	1	39	6	-0.0543896
4	1	39	7	-0.0543896
4	1	39	8	-0.0543896
4	1	39	9	-0.0543896
4	1	39	10	-0.0543896
4	1	39	11	-0.0543896
4	1	39	12	-0.0543896
4	1	39	13	-0.0543896
4	1	39	14	-0.0543896
4	1	39	15	-0.0543896
4	1	39	16	-0.0543896
4	1	39	17	-0.0543896
4	1	39	18	-0.0543896
4	1	39	19	-0.0543896
4	1	39	20	-0.0543896
4	1	39	21	-0.0543896
4	1	39	22	-0.0543896
4	1	39	23	-0.0543896
4	1	39	24	-0.0543896
4	1	39	25	-0.0543896
5	1	8	1	6.4671
5	2	8	1	6.34316
5	3	8	1	6.34316
5	4	8	1	6.34316
5	5	8	1	6.49607
5	6	8	1	6.34316
5	7	8	1	6.34316
5	8	8	1	6.34778
5	9	8	1	6.40274
5	10	8	1	6.34316
5	11	8	1	6.34316
5	12	8	1	6.34316
5	13	8	1	6.3474
5	14	8	1	6.34316
5	1	24	1	0.137921
5	2	24	1	0.139358
5	3	24	1	0.139358
5	4	24	1	0.139358
5	5	24	1	0.133708
5	6	24	1	0.139358
5	7	24	1	0.139358
5	8	24	1	0.137161
5	9	24	1	0.138541
5	10	24	1	0.139358
5	11	24	1	0.139358
5	12	24	1	0.139358
5	13	24	1	0.137161
5	14	24	1	0.139358
5	1	37	1	-0.0239901
5	2	37	1	0.00110883
5	3	37	1	0.00110883
5	4	37	1	0.00110883
5	5	37	1	-0.0810725
5	6	37	1	0.00110883
5	7	37	1	0.00110883
5	8	37	1	0.00113603
5	9	37	1	-0.000992772
5	10	37	1	0.00110883
5	11	37	1	0.00110883
5	12	37	1	0.00110883
5	13	37	1	0.00113603
5	14	37	1	0.00110883
5	1	38	1	124.22
5	2	38	1	125.099
5	3	38	1	125.09
5	4	38	1	125.095
5	5	38	1	124.368
5	6	38	1	125.096
5	7	38	1	125.143
5	8	38	1	125.099
5	9	38	1	124.184
5	10	38	1	125.024
5	11	38	1	125.026
5	12	38	1	125.167
5	13	38	1	125.102
5	14	38	1	125.184
5	1	39	1	335.364
5	1	39	2	337.014
5	1	39	3	52.8415
5	1	39	4	334.844
5	1	39	5	872.163
5	1	39	6	52.2892
5	1	39	7	344.09
5	1	39	8	52.2834
5	1	39	9	52.4513
5	1	39	10	53.2685
5	1	39	11	52.453
5	1	39	12	337.941
5	1	39	13	759.095
5	1	39	14	52.1918
5	1	39	15	52.7193
5	1	39	16	52.3623
5	1	39	17	335.601
5	1	39	18	52.3114
5	1	39	19	334.753
5	1	39	20	53.2735
5	1	39	21	513.841
5	1	39	22	701.752
5	1	39	23	52.2484
5	1	39	24	52.1474
5	1	39	25	618.682
5	2	39	1	13.6145
5	2	39	2	9.89425
5	2	39	3	9.42008
5	2	39	4	10.8914
5	2	39	5	1031.17
5	2	39	6	-1.05466
5	2	39	7	8.36697
5	2	39	8	-1.08905
5	2	39	9	-1.26469
5	2	39	10	13.313
5	2	39	11	-1.28476
5	2	39	12	7.88194
5	2	39	13	1019.08
5	2	39	14	-0.802368
5	2	39	15	-1.01288
5	2	39	16	1.06757
5	2	39	17	7.62652
5	2	39	18	-1.29206
5	2	39	19	8.30732
5	2	39	20	5.78327
5	2	39	21	968.094
5	2	39	22	846.911
5	2	39	23	-1.26338
5	2	39	24	-0.576796
5	2	39	25	785.573
5	3	39	1	85.2063
5	3	39	2	79.4202
5	3	39	3	112.22
5	3	39	4	83.0087
5	3	39	5	1312.37
5	3	39	6	-0.947866
5	3	39	7	76.9414
5	3	39	8	-0.768554
5	3	39	9	-1.14786
5	3	39	10	94.8264
5	3	39	11	-1.30716
5	3	39	12	76.3622
5	3	39	13	1246.54
5	3	39	14	-0.190722
5	3	39	15	-0.781226
5	3	39	16	38.4849
5	3	39	17	76.2693
5	3	39	18	-1.46586
5	3	39	19	77.9802
5	3	39	20	13.3501
5	3	39	21	1132.4
5	3	39	22	1161.96
5	3	39	23	-1.35417
5	3	39	24	0.464797
5	3	39	25	1085.42
5	4	39	1	3.22452
5	4	39	2	3.02913
5	4	39	3	7.18451
5	4	39	4	2.8425
5	4	39	5	971.612
5	4	39	6	-1.17452
5	4	39	7	2.29598
5	4	39	8	-1.16188
5	4	39	9	-1.23568
5	4	39	10	35.459
5	4	39	11	-1.17476
5	4	39	12	2.13384
5	4	39	13	891.623
5	4	39	14	-1.04003
5	4	39	15	-1.07894
5	4	39	16	0.223733
5	4	39	17	2.16026
5	4	39	18	-1.13564
5	4	39	19	2.16639
5	4	39	20	46.5345
5	4	39	21	805.929
5	4	39	22	749.703
5	4	39	23	-1.1403
5	4	39	24	-0.898695
5	4	39	25	689.076
5	5	39	1	230.668
5	5	39	2	254.543
5	5	39	3	8.28199
5	5	39	4	228.104
5	5	39	5	735.984
5	5	39	6	8.20296
5	5	39	7	302.766
5	5	39	8	8.17597
5	5	39	9	8.27453
5	5	39	10	8.54843
5	5	39	11	8.26961
5	5	39	12	248.778
5	5	39	13	652.414
5	5	39	14	8.08194
5	5	39	15	8.93322
5	5	39	16	8.06146
5	5	39	17	229.544
5	5	39	18	8.20084
5	5	39	19	227.574
5	5	39	20	8.50276
5	5	39	21	394.689
5	5	39	22	559.195
5	5	39	23	8.09593
5	5	39	24	8.26624
5	5	39	25	473.686
5	6	39	1	7.40326
5	6	39	2	7.43987
5	6	39	3	60.3583
5	6	39	4	7.20835
5	6	39	5	1113.43
5	6	39	6	-1.23279
5	6	39	7	7.1551
5	6	39	8	-1.29721
5	6	39	9	-1.23372
5	6	39	10	166.533
5	6	39	11	-1.13853
5	6	39	12	7.12375
5	6	39	13	1057.34
5	6	39	14	-1.22322
5	6	39	15	-1.21471
5	6	39	16	5.89298
5	6	39	17	7.06997
5	6	39	18	-1.02587
5	6	39	19	6.80362
5	6	39	20	173.398
5	6	39	21	872.12
5	6	39	22	860.502
5	6	39	23	-1.06545
5	6	39	24	-1.09254
5	6	39	25	843.801
5	7	39	1	171.016
5	7	39	2	170.052
5	7	39	3	243.186
5	7	39	4	171.266
5	7	39	5	1597.9
5	7	39	6	0.971559
5	7	39	7	169.13
5	7	39	8	1.18648
5	7	39	9	0.809154
5	7	39	10	246.762
5	7	39	11	0.67454
5	7	39	12	168.749
5	7	39	13	1463.98
5	7	39	14	1.70575
5	7	39	15	0.690897
5	7	39	16	126.301
5	7	39	17	168.758
5	7	39	18	0.504027
5	7	39	19	170.066
5	7	39	20	126.901
5	7	39	21	1232.19
5	7	39	22	1429.34
5	7	39	23	0.621375
5	7	39	24	2.06527
5	7	39	25	1334.96
5	8	39	1	0.885985
5	8	39	2	1.18433
5	8	39	3	-0.853514
5	8	39	4	0.459718
5	8	39	5	445.729
5	8	39	6	-0.410483
5	8	39	7	1.12878
5	8	39	8	-0.401134
5	8	39	9	-0.461927
5	8	39	10	-0.471748
5	8	39	11	-0.488024
5	8	39	12	0.689308
5	8	39	13	321.506
5	8	39	14	-0.406299
5	8	39	15	-0.405746
5	8	39	16	-0.94087
5	8	39	17	0.48257
5	8	39	18	-0.473657
5	8	39	19	0.370934
5	8	39	20	-0.707562
5	8	39	21	130.304
5	8	39	22	304.846
5	8	39	23	-0.439376
5	8	39	24	-0.33225
5	8	39	25	252.978
5	9	39	1	447.527
5	9	39	2	448.285
5	9	39	3	79.5219
5	9	39	4	447.149
5	9	39	5	1028.34
5	9	39	6	78.8313
5	9	39	7	449.116
5	9	39	8	78.7776
5	9	39	9	79.0278
5	9	39	10	80.1793
5	9	39	11	79.0574
5	9	39	12	448.943
5	9	39	13	898.868
5	9	39	14	78.5904
5	9	39	15	77.4213
5	9	39	16	78.651
5	9	39	17	447.835
5	9	39	18	78.9114
5	9	39	19	447.186
5	9	39	20	79.7635
5	9	39	21	649.986
5	9	39	22	865.111
5	9	39	23	78.7636
5	9	39	24	78.4293
5	9	39	25	776.863
5	10	39	1	53.3996
5	10	39	2	53.41
5	10	39	3	180.471
5	10	39	4	53.1446
5	10	39	5	1352
5	10	39	6	-0.896581
5	10	39	7	53.2112
5	10	39	8	-1.09685
5	10	39	9	-0.891251
5	10	39	10	268.674
5	10	39	11	-0.838135
5	10	39	12	53.136
5	10	39	13	1258.57
5	10	39	14	-1.2912
5	10	39	15	-1.05083
5	10	39	16	54.4322
5	10	39	17	53.2658
5	10	39	18	-0.741347
5	10	39	19	52.7775
5	10	39	20	228.773
5	10	39	21	1009.81
5	10	39	22	1103.73
5	10	39	23	-0.781962
5	10	39	24	-1.26474
5	10	39	25	1041.87
5	11	39	1	79.4564
5	11	39	2	79.4412
5	11	39	3	214.111
5	11	39	4	79.1
5	11	39	5	1448.86
5	11	39	6	-0.84455
5	11	39	7	79.2695
5	11	39	8	-1.08269
5	11	39	9	-0.706096
5	11	39	10	247.007
5	11	39	11	-0.536832
5	11	39	12	79.3386
5	11	39	13	1323.57
5	11	39	14	-1.36497
5	11	39	15	-1.12158
5	11	39	16	105.634
5	11	39	17	79.5734
5	11	39	18	-0.49181
5	11	39	19	78.9201
5	11	39	20	149.996
5	11	39	21	1055.3
5	11	39	22	1206.56
5	11	39	23	-0.551262
5	11	39	24	-1.88837
5	11	39	25	1112.58
5	12	39	1	108.802
5	12	39	2	108.491
5	12	39	3	226.878
5	12	39	4	108.745
5	12	39	5	1462.88
5	12	39	6	1.54182
5	12	39	7	108.21
5	12	39	8	1.53335
5	12	39	9	1.37087
5	12	39	10	328.733
5	12	39	11	1.32471
5	12	39	12	108.028
5	12	39	13	1354.61
5	12	39	14	1.71302
5	12	39	15	1.38387
5	12	39	16	80.1996
5	12	39	17	108.137
5	12	39	18	1.32682
5	12	39	19	108.516
5	12	39	20	269.434
5	12	39	21	1110.62
5	12	39	22	1303.72
5	12	39	23	1.32298
5	12	39	24	1.77913
5	12	39	25	1230.91
5	13	39	1	0.672809
5	13	39	2	0.806108
5	13	39	3	-0.771736
5	13	39	4	0.419707
5	13	39	5	445.445
5	13	39	6	-0.411059
5	13	39	7	0.880561
5	13	39	8	-0.401718
5	13	39	9	-0.448155
5	13	39	10	-0.389506
5	13	39	11	-0.444798
5	13	39	12	0.618933
5	13	39	13	320.018
5	13	39	14	-0.416319
5	13	39	15	-0.40661
5	13	39	16	-0.883095
5	13	39	17	0.454277
5	13	39	18	-0.445001
5	13	39	19	0.370472
5	13	39	20	-0.632492
5	13	39	21	129.3
5	13	39	22	305.089
5	13	39	23	-0.439938
5	13	39	24	-0.292763
5	13	39	25	253.069
5	14	39	1	26.4545
5	14	39	2	26.4824
5	14	39	3	58.0091
5	14	39	4	26.414
5	14	39	5	1118.27
5	14	39	6	0.297266
5	14	39	7	26.351
5	14	39	8	0.330646
5	14	39	9	0.194307
5	14	39	10	169.619
5	14	39	11	0.258825
5	14	39	12	26.2849
5	14	39	13	1071.6
5	14	39	14	0.402515
5	14	39	15	0.355957
5	14	39	16	11.9025
5	14	39	17	26.2984
5	14	39	18	0.378794
5	14	39	19	26.2009
5	14	39	20	186.134
5	14	39	21	888.692
5	14	39	22	970.539
5	14	39	23	0.33639
5	14	39	24	0.450369
5	14	39	25	902.382
8	1	24	1	-0.512358
8	1	37	1	-0.331411
8	1	38	1	1498.08
8	1	39	1	0.179744
8	1	39	2	0.179744
8	1	39	3	0.188623
8	1	39	4	0.179744
8	1	39	5	0.118621
8	1	39	6	0.188623
8	1	39	7	0.18209
8	1	39	8	0.188623
8	1	39	9	0.188623
8	1	39	10	0.188623
8	1	39	11	0.188623
8	1	39	12	0.187198
8	1	39	13	0.183649
8	1	39	14	0.188623
8	1	39	15	0.188623
8	1	39	16	0.188623
8	1	39	17	0.180084
8	1	39	18	0.188623
8	1	39	19	0.179744
8	1	39	20	0.188623
8	1	39	21	0.178677
8	1	39	22	0.178963
8	1	39	23	0.188623
8	1	39	24	0.188623
8	1	39	25	0.179322
24	1	37	1	40.5089
24	1	38	1	174.651
24	1	39	1	0.0167631
24	1	39	2	0.0167631
24	1	39	3	0.0167783
24	1	39	4	0.0167631
24	1	39	5	0.0167662
24	1	39	6	0.0167769
24	1	39	7	0.0167631
24	1	39	8	0.0167769
24	1	39	9	0.0167769
24	1	39	10	0.0167783
24	1	39	11	0.0167769
24	1	39	12	0.0167631
24	1	39	13	0.0167662
24	1	39	14	0.0167769
24	1	39	15	0.0167802
24	1	39	16	0.0167783
24	1	39	17	0.0167631
24	1	39	18	0.0167769
24	1	39	19	0.0167631
24	1	39	20	0.0167783
24	1	39	21	0.0167662
24	1	39	22	0.0167662
24	1	39	23	0.0167769
24	1	39	24	0.0167769
24	1	39	25	0.0167662
37	1	38	1	0.317411
37	1	39	1	0.0204112
37	1	39	2	0.0204112
37	1	39	3	0.0291448
37	1	39	4	0.0224286
37	1	39	5	0.0189746
37	1	39	6	0.028581
37	1	39	7	0.0204112
37	1	39	8	0.028581
37	1	39	9	0.028581
37	1	39	10	0.0291448
37	1	39	11	0.028581
37	1	39	12	0.0202362
37	1	39	13	0.0189746
37	1	39	14	0.028581
37	1	39	15	0.0302273
37	1	39	16	0.0291448
37	1	39	17	-0.0284873
37	1	39	18	0.028581
37	1	39	19	0.021531
37	1	39	20	0.0291448
37	1	39	21	0.0189746
37	1	39	22	0.0189746
37	1	39	23	0.028581
37	1	39	24	0.028581
37	1	39	25	0.0189746
38	1	39	1	0.390324
38	1	39	2	0.390265
38	1	39	3	0.475459
38	1	39	4	0.390292
38	1	39	5	0.343751
38	1	39	6	0.503308
38	1	39	7	0.398776
38	1	39	8	0.503308
38	1	39	9	0.503308
38	1	39	10	0.426363
38	1	39	11	0.503308
38	1	39	12	0.409781
38	1	39	13	0.330553
38	1	39	14	0.503308
38	1	39	15	0.487564
38	1	39	16	0.465864
38	1	39	17	0.436845
38	1	39	18	0.503308
38	1	39	19	0.389878
38	1	39	20	0.478383
38	1	39	21	0.378828
38	1	39	22	0.190392
38	1	39	23	0.503308
38	1	39	24	0.503308
38	1	39	25	0.260305
[END TWOBODY SEQPOS1/ROTINDEX1/SEQPOS2/ROTINDEX2/ENERGY]
