[BEGIN ONEBODY SEQPOS/ROTINDEX/ENERGY]
11	1	11.5988
11	2	12.3102
11	3	12.5916
11	4	13.0722
11	5	13.3977
14	1	4.17846
14	2	2.41225
14	3	1.15502
15	1	-0.268151
15	2	0.400036
15	3	-0.0118815
15	4	0.941245
15	5	0.745077
15	6	1.56684
15	7	1.78888
17	1	63.7125
18	1	2.60598
24	1	0.269424
24	2	-0.858224
25	1	-1.90209
25	2	0.0259378
25	3	-1.91105
25	4	-0.575328
25	5	1.27814
25	6	1.06706
25	7	0.281666
26	1	-0.661458
26	2	-0.0103894
26	3	0.126185
26	4	0.410419
26	5	-0.697443
26	6	-1.29823
26	7	0.570977
26	8	1.27845
26	9	1.44979
26	10	1.28271
26	11	1.50407
26	12	1.21191
27	1	65.4622
28	1	2.47344
28	2	2.36851
29	1	2.84447
29	2	2.97864
29	3	3.65795
29	4	3.60643
29	5	3.35005
29	6	3.1786
29	7	3.80227
29	8	4.65948
29	9	4.06357
29	10	4.414
29	11	4.62336
29	12	4.20797
30	1	2.5401
30	2	2.92734
30	3	3.43871
30	4	3.81741
30	5	4.17227
30	6	4.32818
34	1	-3.47815
34	2	-2.49011
34	3	-2.52893
[END ONEBODY SEQPOS/ROTINDEX/ENERGY]
[BEGIN TWOBODY SEQPOS1/ROTINDEX1/SEQPOS2/ROTINDEX2/ENERGY]
11	1	14	1	-1.6368
11	1	14	2	-1.61391
11	1	14	3	-2.20147
11	2	14	1	-1.37122
11	2	14	2	-1.39171
11	2	14	3	-1.18344
11	3	14	1	-1.36822
11	3	14	2	-1.38822
11	3	14	3	-1.17331
11	4	14	1	-1.72714
11	4	14	2	-1.71091
11	4	14	3	-1.18198
11	5	14	1	-1.35657
11	5	14	2	-1.38173
11	5	14	3	-1.03487
11	1	15	1	-2.39189
11	1	15	2	-1.97644
11	1	15	3	-2.5278
11	1	15	4	-2.18064
11	1	15	5	-1.96626
11	1	15	6	-1.92106
11	1	15	7	-1.92902
11	2	15	1	-1.75255
11	2	15	2	-1.93839
11	2	15	3	-2.3606
11	2	15	4	-1.96271
11	2	15	5	-1.93416
11	2	15	6	-1.87919
11	2	15	7	-1.89143
11	3	15	1	-1.77877
11	3	15	2	-1.93844
11	3	15	3	-2.39724
11	3	15	4	-1.96023
11	3	15	5	-1.93421
11	3	15	6	-1.87925
11	3	15	7	-1.89149
11	4	15	1	-1.81591
11	4	15	2	-1.93677
11	4	15	3	-2.41514
11	4	15	4	-1.95975
11	4	15	5	-1.93258
11	4	15	6	-1.87747
11	4	15	7	-1.88965
11	5	15	1	-2.2144
11	5	15	2	-1.93977
11	5	15	3	-2.29384
11	5	15	4	-2.12681
11	5	15	5	-1.92999
11	5	15	6	-1.8835
11	5	15	7	-1.89066
11	1	27	1	-0.0137086
11	2	27	1	0
11	3	27	1	0
11	4	27	1	-0.0728283
11	5	27	1	-1.79243e-05
11	1	28	1	5.61427
11	1	28	2	5.61278
11	2	28	1	0.156082
11	2	28	2	0.154639
11	3	28	1	0.0181429
11	3	28	2	0.0166997
11	4	28	1	-0.134285
11	4	28	2	-0.135526
11	5	28	1	0.0218068
11	5	28	2	0.0203849
11	1	29	1	-0.565504
11	1	29	2	-0.565566
11	1	29	3	-0.565504
11	1	29	4	-0.565518
11	1	29	5	-0.565504
11	1	29	6	-0.565504
11	1	29	7	-0.565504
11	1	29	8	-0.565504
11	1	29	9	-0.686481
11	1	29	10	-0.565504
11	1	29	11	-0.565504
11	1	29	12	-0.565504
11	2	29	1	-0.0015901
11	2	29	2	-0.0015901
11	2	29	3	-0.0015901
11	2	29	4	-0.0015901
11	2	29	5	-0.0015901
11	2	29	6	-0.0015901
11	2	29	7	-0.0015901
11	2	29	8	-0.0015901
11	2	29	9	-0.0943852
11	2	29	10	-0.0015901
11	2	29	11	-0.0015901
11	2	29	12	-0.0015901
11	3	29	1	-0.261696
11	3	29	2	-0.261696
11	3	29	3	-0.261696
11	3	29	4	-0.261696
11	3	29	5	-0.261696
11	3	29	6	-0.261696
11	3	29	7	-0.261696
11	3	29	8	-0.261728
11	3	29	9	-0.354592
11	3	29	10	-0.261696
11	3	29	11	-0.261696
11	3	29	12	-0.261696
11	4	29	1	-0.577885
11	4	29	2	-0.577885
11	4	29	3	-0.577885
11	4	29	4	-0.577885
11	4	29	5	-0.577885
11	4	29	6	-0.577885
11	4	29	7	-0.577885
11	4	29	8	-0.577886
11	4	29	9	-0.667819
11	4	29	10	-0.577885
11	4	29	11	-0.577885
11	4	29	12	-0.577885
11	5	29	1	-0.163449
11	5	29	2	-0.163494
11	5	29	3	-0.163449
11	5	29	4	-0.163468
11	5	29	5	-0.163449
11	5	29	6	-0.163449
11	5	29	7	-0.163449
11	5	29	8	-0.163449
11	5	29	9	-0.257615
11	5	29	10	-0.163449
11	5	29	11	-0.163449
11	5	29	12	-0.163449
11	1	30	1	-0.476659
11	1	30	2	-0.476659
11	1	30	3	-0.476653
11	1	30	4	-0.476658
11	1	30	5	-0.476673
11	1	30	6	-0.476671
11	2	30	1	-0.0348426
11	2	30	2	-0.0348426
11	2	30	3	-0.0348426
11	2	30	4	-0.0348426
11	2	30	5	-0.0348426
11	2	30	6	-0.0348426
11	3	30	1	-0.418484
11	3	30	2	-0.418484
11	3	30	3	-0.418484
11	3	30	4	-0.418484
11	3	30	5	-0.418484
11	3	30	6	-0.418484
11	4	30	1	1.2423
11	4	30	2	1.24229
11	4	30	3	1.24221
11	4	30	4	1.24229
11	4	30	5	1.24244
11	4	30	6	1.24242
11	5	30	1	-0.361153
11	5	30	2	-0.361153
11	5	30	3	-0.361153
11	5	30	4	-0.361153
11	5	30	5	-0.361153
11	5	30	6	-0.361153
11	1	34	1	-1.52433
11	1	34	2	64.8584
11	1	34	3	-1.57962
11	2	34	1	-0.408471
11	2	34	2	-0.7602
11	2	34	3	-0.329653
11	3	34	1	-0.407767
11	3	34	2	-1.00029
11	3	34	3	-0.327272
11	4	34	1	-1.58333
11	4	34	2	74.6234
11	4	34	3	-1.90181
11	5	34	1	-0.411218
11	5	34	2	-1.08951
11	5	34	3	-0.254116
14	1	15	1	0.508331
14	1	15	2	0.592038
14	1	15	3	0.517647
14	1	15	4	0.590467
14	1	15	5	0.582196
14	1	15	6	0.590834
14	1	15	7	0.552776
14	2	15	1	0.511728
14	2	15	2	0.595322
14	2	15	3	0.521006
14	2	15	4	0.593761
14	2	15	5	0.585477
14	2	15	6	0.594122
14	2	15	7	0.55607
14	3	15	1	0.531178
14	3	15	2	0.610088
14	3	15	3	0.539972
14	3	15	4	0.608529
14	3	15	5	0.600247
14	3	15	6	0.608881
14	3	15	7	0.570823
14	1	17	1	-1.30155
14	2	17	1	-1.3012
14	3	17	1	-1.30059
14	1	18	1	-1.47792
14	2	18	1	-1.34225
14	3	18	1	-1.34454
14	1	24	1	0.00386347
14	1	24	2	0.0038588
14	2	24	1	0.00389566
14	2	24	2	0.00389099
14	3	24	1	0.00389099
14	3	24	2	0.00388632
14	1	25	1	-0.00305467
14	1	25	2	-0.00305467
14	1	25	3	-0.00305467
14	1	25	4	-0.00305467
14	1	25	5	-0.00305467
14	1	25	6	-0.00305467
14	1	25	7	-0.00305467
14	2	25	1	-0.00305467
14	2	25	2	-0.00305467
14	2	25	3	-0.00305467
14	2	25	4	-0.00305467
14	2	25	5	-0.00305467
14	2	25	6	-0.00305467
14	2	25	7	-0.00305467
14	3	25	1	-0.00305467
14	3	25	2	-0.00305467
14	3	25	3	-0.00305467
14	3	25	4	-0.00305467
14	3	25	5	-0.00305467
14	3	25	6	-0.00305467
14	3	25	7	-0.00305467
14	1	27	1	-0.0646787
14	2	27	1	-0.000186896
14	3	27	1	-0.000445664
14	1	28	1	135.028
14	1	28	2	130.516
14	2	28	1	87.3769
14	2	28	2	115.761
14	3	28	1	86.8977
14	3	28	2	115.49
14	1	29	1	0
14	1	29	2	0
14	1	29	3	0
14	1	29	4	0
14	1	29	5	0
14	1	29	6	0
14	1	29	7	0
14	1	29	8	0
14	1	29	9	-0.0104235
14	1	29	10	0
14	1	29	11	0
14	1	29	12	0
14	2	29	1	0
14	2	29	2	0
14	2	29	3	0
14	2	29	4	0
14	2	29	5	0
14	2	29	6	0
14	2	29	7	0
14	2	29	8	0
14	2	29	9	-0.0104161
14	2	29	10	0
14	2	29	11	0
14	2	29	12	0
14	3	29	1	0
14	3	29	2	0
14	3	29	3	0
14	3	29	4	0
14	3	29	5	0
14	3	29	6	0
14	3	29	7	0
14	3	29	8	0
14	3	29	9	-0.0103927
14	3	29	10	0
14	3	29	11	0
14	3	29	12	0
14	1	30	1	0
14	1	30	2	0
14	1	30	3	0
14	1	30	4	0
14	1	30	5	0
14	1	30	6	0
14	2	30	1	0
14	2	30	2	0
14	2	30	3	0
14	2	30	4	0
14	2	30	5	0
14	2	30	6	0
14	3	30	1	-0.00259353
14	3	30	2	-0.00259353
14	3	30	3	-0.00259353
14	3	30	4	-0.00259353
14	3	30	5	-0.00259353
14	3	30	6	-0.00259353
14	1	34	1	977.259
14	1	34	2	399.793
14	1	34	3	556.689
14	2	34	1	399.793
14	2	34	2	67.7485
14	2	34	3	134.054
14	3	34	1	556.689
14	3	34	2	134.054
14	3	34	3	352.651
15	1	17	1	0.0139012
15	2	17	1	0.0142288
15	3	17	1	0.0136301
15	4	17	1	0.0148217
15	5	17	1	0.0144686
15	6	17	1	0.0146944
15	7	17	1	0.0149167
15	1	18	1	-1.28042
15	2	18	1	-1.2905
15	3	18	1	-1.27927
15	4	18	1	-1.29207
15	5	18	1	-1.29867
15	6	18	1	-1.29206
15	7	18	1	-1.39099
15	1	24	1	-0.00305467
15	1	24	2	-0.00305467
15	2	24	1	-0.00305467
15	2	24	2	-0.00305467
15	3	24	1	-0.00305467
15	3	24	2	-0.00305467
15	4	24	1	-0.00305467
15	4	24	2	-0.00305467
15	5	24	1	-0.00305467
15	5	24	2	-0.00305467
15	6	24	1	-0.00305467
15	6	24	2	-0.00305467
15	7	24	1	-0.00305467
15	7	24	2	-0.00305467
15	1	25	1	-0.261742
15	1	25	2	-0.226286
15	1	25	3	-0.247625
15	1	25	4	-0.283507
15	1	25	5	-0.205812
15	1	25	6	-0.23219
15	1	25	7	-1.38576
15	2	25	1	-0.226286
15	2	25	2	-0.212041
15	2	25	3	-0.212059
15	2	25	4	-0.272064
15	2	25	5	-0.203747
15	2	25	6	-0.239483
15	2	25	7	-1.42738
15	3	25	1	-0.247625
15	3	25	2	-0.212059
15	3	25	3	-0.233508
15	3	25	4	-0.269229
15	3	25	5	-0.191884
15	3	25	6	-0.218592
15	3	25	7	-0.967655
15	4	25	1	-0.283507
15	4	25	2	-0.272064
15	4	25	3	-0.269229
15	4	25	4	-0.33223
15	4	25	5	-0.264758
15	4	25	6	-0.300808
15	4	25	7	-1.67261
15	5	25	1	-0.205812
15	5	25	2	-0.203747
15	5	25	3	-0.191884
15	5	25	4	-0.264758
15	5	25	5	-0.188003
15	5	25	6	-0.253091
15	5	25	7	-0.906276
15	6	25	1	-0.23219
15	6	25	2	-0.239483
15	6	25	3	-0.218592
15	6	25	4	-0.300808
15	6	25	5	-0.253091
15	6	25	6	-0.605526
15	6	25	7	-0.698445
15	7	25	1	-1.38576
15	7	25	2	-1.42738
15	7	25	3	-0.967655
15	7	25	4	-1.67261
15	7	25	5	-0.906276
15	7	25	6	-0.698445
15	7	25	7	459.187
15	1	26	1	0
15	1	26	2	0
15	1	26	3	0
15	1	26	4	0
15	1	26	5	0
15	1	26	6	0
15	1	26	7	0
15	1	26	8	0
15	1	26	9	0
15	1	26	10	0
15	1	26	11	0
15	1	26	12	0
15	2	26	1	0
15	2	26	2	0
15	2	26	3	0
15	2	26	4	0
15	2	26	5	0
15	2	26	6	0
15	2	26	7	0
15	2	26	8	0
15	2	26	9	0
15	2	26	10	0
15	2	26	11	0
15	2	26	12	0
15	3	26	1	0
15	3	26	2	0
15	3	26	3	0
15	3	26	4	0
15	3	26	5	0
15	3	26	6	0
15	3	26	7	0
15	3	26	8	0
15	3	26	9	0
15	3	26	10	0
15	3	26	11	0
15	3	26	12	0
15	4	26	1	0
15	4	26	2	0
15	4	26	3	0
15	4	26	4	0
15	4	26	5	0
15	4	26	6	0
15	4	26	7	0
15	4	26	8	0
15	4	26	9	0
15	4	26	10	0
15	4	26	11	0
15	4	26	12	0
15	5	26	1	0
15	5	26	2	0
15	5	26	3	0
15	5	26	4	0
15	5	26	5	0
15	5	26	6	0
15	5	26	7	0
15	5	26	8	0
15	5	26	9	0
15	5	26	10	0
15	5	26	11	0
15	5	26	12	0
15	6	26	1	0
15	6	26	2	0
15	6	26	3	0
15	6	26	4	0
15	6	26	5	0
15	6	26	6	0
15	6	26	7	0
15	6	26	8	0
15	6	26	9	0
15	6	26	10	0
15	6	26	11	0
15	6	26	12	0
15	7	26	1	-0.0134449
15	7	26	2	-0.0134449
15	7	26	3	-0.0134449
15	7	26	4	-0.0134449
15	7	26	5	-0.0134449
15	7	26	6	-0.0134449
15	7	26	7	-0.0134449
15	7	26	8	-0.0134449
15	7	26	9	-0.0351008
15	7	26	10	-0.0134449
15	7	26	11	-0.0134449
15	7	26	12	-0.0134449
15	1	27	1	-5.14422e-05
15	2	27	1	0
15	3	27	1	-0.000324694
15	4	27	1	0
15	5	27	1	0
15	6	27	1	0
15	7	27	1	0
15	1	28	1	-1.18762
15	1	28	2	-1.19962
15	2	28	1	-0.563174
15	2	28	2	-0.577043
15	3	28	1	-1.1493
15	3	28	2	-1.15449
15	4	28	1	-0.907697
15	4	28	2	-0.921918
15	5	28	1	-0.56706
15	5	28	2	-0.580789
15	6	28	1	-0.56969
15	6	28	2	-0.583618
15	7	28	1	-1.37998
15	7	28	2	-1.39613
15	1	29	1	1.25317
15	1	29	2	235.644
15	1	29	3	-1.35195
15	1	29	4	10.0331
15	1	29	5	1.92411
15	1	29	6	4.63873
15	1	29	7	-1.8462
15	1	29	8	-1.29603
15	1	29	9	658.144
15	1	29	10	-1.39917
15	1	29	11	-0.0477345
15	1	29	12	249.365
15	2	29	1	-0.466953
15	2	29	2	0.696559
15	2	29	3	-0.187103
15	2	29	4	-1.27962
15	2	29	5	-0.713677
15	2	29	6	-0.485961
15	2	29	7	-0.291985
15	2	29	8	-0.179286
15	2	29	9	275.677
15	2	29	10	-0.19034
15	2	29	11	-0.57971
15	2	29	12	34.7155
15	3	29	1	-1.06906
15	3	29	2	3.25824
15	3	29	3	-0.839595
15	3	29	4	-1.9553
15	3	29	5	-1.0878
15	3	29	6	-1.08337
15	3	29	7	-0.905673
15	3	29	8	-0.83473
15	3	29	9	357.996
15	3	29	10	-0.850528
15	3	29	11	-1.38335
15	3	29	12	0.823458
15	4	29	1	5.24854
15	4	29	2	245.077
15	4	29	3	-1.24516
15	4	29	4	3.62886
15	4	29	5	6.78486
15	4	29	6	11.5429
15	4	29	7	-1.81516
15	4	29	8	-1.16897
15	4	29	9	827.513
15	4	29	10	-1.29043
15	4	29	11	5.46868
15	4	29	12	265.609
15	5	29	1	-0.19048
15	5	29	2	-0.738931
15	5	29	3	-0.080784
15	5	29	4	-0.399341
15	5	29	5	-0.306565
15	5	29	6	-0.198928
15	5	29	7	-0.0790721
15	5	29	8	-0.0822384
15	5	29	9	154.539
15	5	29	10	-0.0804553
15	5	29	11	-0.171192
15	5	29	12	2.67815
15	6	29	1	-1.33616
15	6	29	2	9.45685
15	6	29	3	-0.321246
15	6	29	4	5.44679
15	6	29	5	0.567584
15	6	29	6	-1.18222
15	6	29	7	-1.05212
15	6	29	8	-0.289554
15	6	29	9	360.628
15	6	29	10	-0.349798
15	6	29	11	-1.34016
15	6	29	12	380.903
15	7	29	1	2.98821
15	7	29	2	34.4494
15	7	29	3	-1.17444
15	7	29	4	1.34373
15	7	29	5	130.665
15	7	29	6	1.7387
15	7	29	7	-2.01108
15	7	29	8	-1.06769
15	7	29	9	920.228
15	7	29	10	-1.2335
15	7	29	11	-1.75911
15	7	29	12	768.5
15	1	30	1	-0.000665074
15	1	30	2	-0.000665074
15	1	30	3	-0.000665074
15	1	30	4	-0.000665074
15	1	30	5	-0.000665074
15	1	30	6	-0.000665074
15	2	30	1	0
15	2	30	2	0
15	2	30	3	0
15	2	30	4	0
15	2	30	5	0
15	2	30	6	0
15	3	30	1	-0.000669319
15	3	30	2	-0.000669319
15	3	30	3	-0.000669319
15	3	30	4	-0.000669319
15	3	30	5	-0.000669319
15	3	30	6	-0.000669319
15	4	30	1	-0.00289417
15	4	30	2	-0.00289417
15	4	30	3	-0.00289417
15	4	30	4	-0.00289417
15	4	30	5	-0.00289417
15	4	30	6	-0.00289417
15	5	30	1	0
15	5	30	2	0
15	5	30	3	0
15	5	30	4	0
15	5	30	5	0
15	5	30	6	0
15	6	30	1	0
15	6	30	2	0
15	6	30	3	0
15	6	30	4	0
15	6	30	5	0
15	6	30	6	0
15	7	30	1	0
15	7	30	2	0
15	7	30	3	0
15	7	30	4	0
15	7	30	5	0
15	7	30	6	0
15	1	34	1	-0.0523717
15	1	34	2	0.000660878
15	1	34	3	-0.00199053
15	2	34	1	-0.0462732
15	2	34	2	-0.000124349
15	2	34	3	-5.97794e-06
15	3	34	1	-0.0482847
15	3	34	2	0.00201204
15	3	34	3	-0.000711516
15	4	34	1	-0.0463114
15	4	34	2	-0.000165117
15	4	34	3	-5.97794e-06
15	5	34	1	-0.0462692
15	5	34	2	-0.000124656
15	5	34	3	-5.97794e-06
15	6	34	1	-0.0462957
15	6	34	2	-0.000121279
15	6	34	3	-5.97794e-06
15	7	34	1	-0.0463421
15	7	34	2	-0.000113187
15	7	34	3	-5.97794e-06
17	1	18	1	0.318787
17	1	24	1	-0.000186896
17	1	24	2	-0.000445664
17	1	25	1	-5.14422e-05
17	1	25	2	0
17	1	25	3	-0.000324694
17	1	25	4	0
17	1	25	5	0
17	1	25	6	0
17	1	25	7	0
17	1	28	1	0.00184599
17	1	28	2	-0.0591752
18	1	24	1	115.761
18	1	24	2	115.49
18	1	25	1	-1.19962
18	1	25	2	-0.577043
18	1	25	3	-1.15449
18	1	25	4	-0.921918
18	1	25	5	-0.580789
18	1	25	6	-0.583618
18	1	25	7	-1.39613
18	1	26	1	-0.0201525
18	1	26	2	-0.0201525
18	1	26	3	-0.0201525
18	1	26	4	-0.0201525
18	1	26	5	-0.0201525
18	1	26	6	-0.0201525
18	1	26	7	-0.0201525
18	1	26	8	-0.0201525
18	1	26	9	-0.0201525
18	1	26	10	-0.0201525
18	1	26	11	-0.0201525
18	1	26	12	-0.0201525
18	1	27	1	-0.0591752
18	1	28	1	179.476
18	1	28	2	385.801
18	1	29	1	0.0135516
18	1	29	2	0.0136097
18	1	29	3	0.0138852
18	1	29	4	0.0138852
18	1	29	5	0.0135335
18	1	29	6	0.0136932
18	1	29	7	0.0138852
18	1	29	8	0.0138852
18	1	29	9	0.0151498
18	1	29	10	0.0138852
18	1	29	11	0.0138852
18	1	29	12	0.015246
18	1	34	1	-0.621182
18	1	34	2	-0.48769
18	1	34	3	-0.494519
24	1	25	1	0.511728
24	1	25	2	0.595322
24	1	25	3	0.521006
24	1	25	4	0.593761
24	1	25	5	0.585477
24	1	25	6	0.594122
24	1	25	7	0.55607
24	2	25	1	0.531178
24	2	25	2	0.610088
24	2	25	3	0.539972
24	2	25	4	0.608529
24	2	25	5	0.600247
24	2	25	6	0.608881
24	2	25	7	0.570823
24	1	26	1	0.0184091
24	1	26	2	0.0172774
24	1	26	3	0.0233146
24	1	26	4	0.026617
24	1	26	5	0.0175764
24	1	26	6	-0.00585557
24	1	26	7	0.0268689
24	1	26	8	0.019113
24	1	26	9	0.0133827
24	1	26	10	0.0262513
24	1	26	11	0.02794
24	1	26	12	0.0167788
24	2	26	1	0.0182006
24	2	26	2	0.0170689
24	2	26	3	0.023106
24	2	26	4	0.0264085
24	2	26	5	0.0173679
24	2	26	6	-0.00606407
24	2	26	7	0.0266604
24	2	26	8	0.0189045
24	2	26	9	0.0131742
24	2	26	10	0.0260428
24	2	26	11	0.0277315
24	2	26	12	0.0165703
24	1	27	1	-1.3012
24	2	27	1	-1.30059
24	1	28	1	-0.754986
24	1	28	2	-1.34225
24	2	28	1	-0.755167
24	2	28	2	-1.34454
24	1	29	1	-0.161427
24	1	29	2	-0.161401
24	1	29	3	-0.160721
24	1	29	4	-0.160721
24	1	29	5	-0.161423
24	1	29	6	-0.161316
24	1	29	7	-0.160721
24	1	29	8	-0.160721
24	1	29	9	-0.16179
24	1	29	10	-0.160721
24	1	29	11	-0.160721
24	1	29	12	-0.161577
24	2	29	1	-0.161427
24	2	29	2	-0.161401
24	2	29	3	-0.160721
24	2	29	4	-0.160721
24	2	29	5	-0.161423
24	2	29	6	-0.161316
24	2	29	7	-0.160721
24	2	29	8	-0.160721
24	2	29	9	-0.16179
24	2	29	10	-0.160721
24	2	29	11	-0.160721
24	2	29	12	-0.161577
24	1	34	1	-0.0730116
24	1	34	2	-0.0703208
24	1	34	3	-0.071073
24	2	34	1	-0.0737637
24	2	34	2	-0.071073
24	2	34	3	-0.0718251
25	1	26	1	0.499956
25	1	26	2	0.307458
25	1	26	3	0.584222
25	1	26	4	0.543495
25	1	26	5	0.503399
25	1	26	6	0.509252
25	1	26	7	0.58262
25	1	26	8	0.574509
25	1	26	9	-0.724918
25	1	26	10	0.583
25	1	26	11	0.545314
25	1	26	12	0.305971
25	2	26	1	0.209927
25	2	26	2	-0.233352
25	2	26	3	0.429198
25	2	26	4	0.382174
25	2	26	5	0.184032
25	2	26	6	0.229335
25	2	26	7	0.426657
25	2	26	8	0.419558
25	2	26	9	6.44676
25	2	26	10	0.427773
25	2	26	11	0.387572
25	2	26	12	-0.855304
25	3	26	1	0.52294
25	3	26	2	0.330688
25	3	26	3	0.602418
25	3	26	4	0.561654
25	3	26	5	0.527278
25	3	26	6	0.531704
25	3	26	7	0.600829
25	3	26	8	0.592707
25	3	26	9	-0.688304
25	3	26	10	0.601195
25	3	26	11	0.563508
25	3	26	12	0.333315
25	4	26	1	0.384659
25	4	26	2	0.168699
25	4	26	3	0.485853
25	4	26	4	0.445065
25	4	26	5	0.390057
25	4	26	6	0.399496
25	4	26	7	0.483874
25	4	26	8	0.476213
25	4	26	9	-1.33949
25	4	26	10	0.484428
25	4	26	11	0.446496
25	4	26	12	0.144017
25	5	26	1	-0.551818
25	5	26	2	-1.4625
25	5	26	3	0.0334203
25	5	26	4	-0.396905
25	5	26	5	-0.783367
25	5	26	6	-0.523218
25	5	26	7	0.0261605
25	5	26	8	0.0249332
25	5	26	9	285.556
25	5	26	10	0.0305221
25	5	26	11	-0.128353
25	5	26	12	2.15648
25	6	26	1	0.377583
25	6	26	2	0.158653
25	6	26	3	0.480514
25	6	26	4	0.439576
25	6	26	5	0.38305
25	6	26	6	0.392776
25	6	26	7	0.478553
25	6	26	8	0.470871
25	6	26	9	-1.63423
25	6	26	10	0.479094
25	6	26	11	0.441169
25	6	26	12	0.131976
25	7	26	1	0.418292
25	7	26	2	0.207836
25	7	26	3	0.51441
25	7	26	4	0.473901
25	7	26	5	0.42275
25	7	26	6	0.430088
25	7	26	7	0.512409
25	7	26	8	0.504774
25	7	26	9	-0.999182
25	7	26	10	0.512978
25	7	26	11	0.475045
25	7	26	12	0.200825
25	1	27	1	0.0139012
25	2	27	1	0.0142288
25	3	27	1	0.0136301
25	4	27	1	0.0148217
25	5	27	1	0.0144686
25	6	27	1	0.0146944
25	7	27	1	0.0149167
25	1	28	1	-1.28764
25	1	28	2	-1.28042
25	2	28	1	-1.29754
25	2	28	2	-1.2905
25	3	28	1	-1.28664
25	3	28	2	-1.27927
25	4	28	1	-1.29919
25	4	28	2	-1.29207
25	5	28	1	-1.30586
25	5	28	2	-1.29867
25	6	28	1	-1.29917
25	6	28	2	-1.29206
25	7	28	1	-1.39825
25	7	28	2	-1.39099
25	1	29	1	-1.78479
25	1	29	2	-1.48096
25	1	29	3	-1.89287
25	1	29	4	-1.92682
25	1	29	5	-2.67944
25	1	29	6	-2.40142
25	1	29	7	-1.91523
25	1	29	8	-1.88621
25	1	29	9	-1.02051
25	1	29	10	-1.83472
25	1	29	11	-1.84596
25	1	29	12	-1.53494
25	2	29	1	-2.41778
25	2	29	2	-1.64279
25	2	29	3	-1.89058
25	2	29	4	-1.92884
25	2	29	5	2.18812
25	2	29	6	-2.59014
25	2	29	7	-2.10974
25	2	29	8	-1.87864
25	2	29	9	-1.31805
25	2	29	10	-1.83533
25	2	29	11	-1.84164
25	2	29	12	-2.04679
25	3	29	1	-1.76239
25	3	29	2	-1.48159
25	3	29	3	-1.89265
25	3	29	4	-1.92635
25	3	29	5	-2.24261
25	3	29	6	-2.36953
25	3	29	7	-1.9172
25	3	29	8	-1.886
25	3	29	9	-1.02115
25	3	29	10	-1.83449
25	3	29	11	-1.84572
25	3	29	12	-1.44766
25	4	29	1	-2.179
25	4	29	2	-1.63097
25	4	29	3	-1.88915
25	4	29	4	-1.92769
25	4	29	5	5.0509
25	4	29	6	-2.5794
25	4	29	7	-2.04321
25	4	29	8	-1.87827
25	4	29	9	-1.30908
25	4	29	10	-1.83341
25	4	29	11	-1.84121
25	4	29	12	-2.03571
25	5	29	1	4.6084
25	5	29	2	-2.20387
25	5	29	3	-2.28771
25	5	29	4	-2.27349
25	5	29	5	73.7564
25	5	29	6	157.753
25	5	29	7	-2.98475
25	5	29	8	-2.08453
25	5	29	9	-1.94957
25	5	29	10	-2.16301
25	5	29	11	-2.04105
25	5	29	12	-2.80537
25	6	29	1	-2.72075
25	6	29	2	-1.79526
25	6	29	3	-1.89237
25	6	29	4	-2.05486
25	6	29	5	54.967
25	6	29	6	-3.19877
25	6	29	7	-2.45616
25	6	29	8	-1.87612
25	6	29	9	-1.54066
25	6	29	10	-1.83993
25	6	29	11	-1.83893
25	6	29	12	-2.84724
25	7	29	1	-2.94948
25	7	29	2	-2.56372
25	7	29	3	-1.94073
25	7	29	4	-2.4465
25	7	29	5	21.1304
25	7	29	6	-3.65847
25	7	29	7	-2.46678
25	7	29	8	-1.92368
25	7	29	9	-2.85305
25	7	29	10	-1.88957
25	7	29	11	-1.92224
25	7	29	12	96.2974
25	1	30	1	-0.177379
25	1	30	2	-0.177317
25	1	30	3	-0.177315
25	1	30	4	-0.177337
25	1	30	5	-0.177595
25	1	30	6	-0.177548
25	2	30	1	-0.177379
25	2	30	2	-0.177317
25	2	30	3	-0.177315
25	2	30	4	-0.177337
25	2	30	5	-0.177595
25	2	30	6	-0.177548
25	3	30	1	-0.177379
25	3	30	2	-0.177317
25	3	30	3	-0.177315
25	3	30	4	-0.177337
25	3	30	5	-0.177595
25	3	30	6	-0.177548
25	4	30	1	-0.177379
25	4	30	2	-0.177317
25	4	30	3	-0.177315
25	4	30	4	-0.177337
25	4	30	5	-0.177595
25	4	30	6	-0.177548
25	5	30	1	-0.177379
25	5	30	2	-0.177317
25	5	30	3	-0.177315
25	5	30	4	-0.177337
25	5	30	5	-0.177595
25	5	30	6	-0.177548
25	6	30	1	-0.177379
25	6	30	2	-0.177317
25	6	30	3	-0.177315
25	6	30	4	-0.177337
25	6	30	5	-0.177595
25	6	30	6	-0.177548
25	7	30	1	-0.177379
25	7	30	2	-0.177317
25	7	30	3	-0.177315
25	7	30	4	-0.177337
25	7	30	5	-0.177595
25	7	30	6	-0.177548
26	1	27	1	-0.725709
26	2	27	1	-0.615956
26	3	27	1	6.92365
26	4	27	1	-1.01256
26	5	27	1	-0.642753
26	6	27	1	-0.690227
26	7	27	1	-1.33866
26	8	27	1	288.34
26	9	27	1	-0.614822
26	10	27	1	-1.63434
26	11	27	1	-0.996839
26	12	27	1	-0.603882
26	1	28	1	0.0112432
26	1	28	2	0.0149652
26	2	28	1	0.0111257
26	2	28	2	0.0148477
26	3	28	1	0.0115784
26	3	28	2	0.0153005
26	4	28	1	0.0120732
26	4	28	2	0.0157952
26	5	28	1	0.0111792
26	5	28	2	0.0149012
26	6	28	1	0.0109655
26	6	28	2	0.0146876
26	7	28	1	0.0121758
26	7	28	2	0.0158978
26	8	28	1	0.0118158
26	8	28	2	0.0155378
26	9	28	1	0.0115169
26	9	28	2	0.0152386
26	10	28	1	0.0120479
26	10	28	2	0.0157699
26	11	28	1	0.0122695
26	11	28	2	0.0159915
26	12	28	1	0.0113762
26	12	28	2	0.0150983
26	1	29	1	-1.51287
26	1	29	2	-1.26889
26	1	29	3	-1.47089
26	1	29	4	-1.11061
26	1	29	5	-1.53084
26	1	29	6	-1.74634
26	1	29	7	-1.15578
26	1	29	8	-1.30555
26	1	29	9	-1.28746
26	1	29	10	-1.13904
26	1	29	11	-1.1113
26	1	29	12	-1.28108
26	2	29	1	-1.84906
26	2	29	2	-1.32698
26	2	29	3	-2.77224
26	2	29	4	-1.14892
26	2	29	5	-1.83136
26	2	29	6	-2.04135
26	2	29	7	-1.33463
26	2	29	8	-2.27814
26	2	29	9	-1.34977
26	2	29	10	-1.28579
26	2	29	11	-1.14872
26	2	29	12	-1.34303
26	3	29	1	-1.502
26	3	29	2	-1.27739
26	3	29	3	-1.56223
26	3	29	4	-1.11844
26	3	29	5	-1.52501
26	3	29	6	-1.60202
26	3	29	7	-1.16469
26	3	29	8	-1.4478
26	3	29	9	-1.29596
26	3	29	10	-1.14846
26	3	29	11	-1.11866
26	3	29	12	-1.28978
26	4	29	1	-1.77011
26	4	29	2	-1.37923
26	4	29	3	-2.30872
26	4	29	4	-1.22526
26	4	29	5	-1.74938
26	4	29	6	-2.77705
26	4	29	7	-1.3768
26	4	29	8	-2.24692
26	4	29	9	-1.40022
26	4	29	10	-1.36318
26	4	29	11	-1.2234
26	4	29	12	-1.39389
26	5	29	1	-1.51429
26	5	29	2	-1.26857
26	5	29	3	-1.47348
26	5	29	4	-1.11045
26	5	29	5	-1.5323
26	5	29	6	-1.75035
26	5	29	7	-1.1559
26	5	29	8	-1.30469
26	5	29	9	-1.28712
26	5	29	10	-1.1391
26	5	29	11	-1.11116
26	5	29	12	-1.28068
26	6	29	1	-1.51869
26	6	29	2	-1.26791
26	6	29	3	-1.47936
26	6	29	4	-1.11021
26	6	29	5	-1.53703
26	6	29	6	-1.76582
26	6	29	7	-1.15644
26	6	29	8	-1.30614
26	6	29	9	-1.28647
26	6	29	10	-1.13949
26	6	29	11	-1.11096
26	6	29	12	-1.27991
26	7	29	1	-1.50563
26	7	29	2	-1.27881
26	7	29	3	-1.58148
26	7	29	4	-1.11966
26	7	29	5	-1.52823
26	7	29	6	-1.63137
26	7	29	7	-1.1671
26	7	29	8	-1.46488
26	7	29	9	-1.29737
26	7	29	10	-1.15093
26	7	29	11	-1.11983
26	7	29	12	-1.29112
26	8	29	1	-1.51005
26	8	29	2	-1.28471
26	8	29	3	-1.57672
26	8	29	4	-1.12543
26	8	29	5	-1.53286
26	8	29	6	-1.61036
26	8	29	7	-1.17224
26	8	29	8	-1.49042
26	8	29	9	-1.30346
26	8	29	10	-1.15625
26	8	29	11	-1.12519
26	8	29	12	-1.29716
26	9	29	1	-2.69994
26	9	29	2	-1.51862
26	9	29	3	-2.66272
26	9	29	4	-1.18504
26	9	29	5	-3.09787
26	9	29	6	134.637
26	9	29	7	-1.91161
26	9	29	8	-1.80024
26	9	29	9	-1.55326
26	9	29	10	-1.45993
26	9	29	11	-1.18552
26	9	29	12	-1.5409
26	10	29	1	-1.50502
26	10	29	2	-1.27876
26	10	29	3	-1.57862
26	10	29	4	-1.11967
26	10	29	5	-1.5277
26	10	29	6	-1.6171
26	10	29	7	-1.16686
26	10	29	8	-1.46997
26	10	29	9	-1.29735
26	10	29	10	-1.15068
26	10	29	11	-1.11986
26	10	29	12	-1.29111
26	11	29	1	-1.73081
26	11	29	2	-1.36737
26	11	29	3	-2.75675
26	11	29	4	-1.21266
26	11	29	5	-1.71915
26	11	29	6	-2.40384
26	11	29	7	-1.37377
26	11	29	8	-2.81809
26	11	29	9	-1.38836
26	11	29	10	-1.36128
26	11	29	11	-1.21157
26	11	29	12	-1.38206
26	12	29	1	-1.82248
26	12	29	2	-1.31175
26	12	29	3	-2.10098
26	12	29	4	-1.13713
26	12	29	5	-1.80683
26	12	29	6	-2.46369
26	12	29	7	-1.26449
26	12	29	8	-1.60696
26	12	29	9	-1.33372
26	12	29	10	-1.22379
26	12	29	11	-1.13709
26	12	29	12	-1.32726
26	1	30	1	-1.2465
26	1	30	2	-1.63997
26	1	30	3	-2.23167
26	1	30	4	-2.54625
26	1	30	5	-1.02583
26	1	30	6	-1.29959
26	2	30	1	-1.31976
26	2	30	2	-1.70835
26	2	30	3	-2.28817
26	2	30	4	-2.66812
26	2	30	5	-1.36241
26	2	30	6	-1.95316
26	3	30	1	-1.40912
26	3	30	2	-2.25558
26	3	30	3	-2.24379
26	3	30	4	2.35473
26	3	30	5	-1.29486
26	3	30	6	-1.82129
26	4	30	1	-1.6633
26	4	30	2	-2.2011
26	4	30	3	-2.41424
26	4	30	4	5.39705
26	4	30	5	-1.92966
26	4	30	6	-2.31658
26	5	30	1	-1.24693
26	5	30	2	-1.61855
26	5	30	3	-2.19487
26	5	30	4	-2.07714
26	5	30	5	-1.0257
26	5	30	6	-1.20908
26	6	30	1	-1.24701
26	6	30	2	-1.61903
26	6	30	3	-2.19653
26	6	30	4	-2.11201
26	6	30	5	-1.02593
26	6	30	6	-1.21002
26	7	30	1	-1.39711
26	7	30	2	-2.02321
26	7	30	3	-2.34697
26	7	30	4	5.24711
26	7	30	5	-1.28498
26	7	30	6	-1.81012
26	8	30	1	-1.97497
26	8	30	2	3.51605
26	8	30	3	167.131
26	8	30	4	72.9533
26	8	30	5	-1.91719
26	8	30	6	-2.58984
26	9	30	1	-1.24798
26	9	30	2	-1.61872
26	9	30	3	-2.19239
26	9	30	4	-2.07697
26	9	30	5	-1.04298
26	9	30	6	-1.24815
26	10	30	1	-1.55624
26	10	30	2	-2.55383
26	10	30	3	-2.93485
26	10	30	4	53.6575
26	10	30	5	-1.48958
26	10	30	6	-2.61322
26	11	30	1	-2.32328
26	11	30	2	-2.7713
26	11	30	3	-3.44365
26	11	30	4	22.5036
26	11	30	5	-2.89909
26	11	30	6	98.3489
26	12	30	1	-1.24882
26	12	30	2	-1.61993
26	12	30	3	-2.19448
26	12	30	4	-2.09473
26	12	30	5	-1.04712
26	12	30	6	-1.26483
26	1	34	1	-0.000469161
26	1	34	2	-0.00111008
26	1	34	3	-0.000953188
26	2	34	1	-0.000469161
26	2	34	2	-0.00111008
26	2	34	3	-0.000953188
26	3	34	1	-0.000469161
26	3	34	2	-0.00111008
26	3	34	3	-0.000953188
26	4	34	1	-0.000469161
26	4	34	2	-0.00111008
26	4	34	3	-0.000953188
26	5	34	1	-0.000469161
26	5	34	2	-0.00111008
26	5	34	3	-0.000953188
26	6	34	1	-0.000469161
26	6	34	2	-0.00111008
26	6	34	3	-0.000953188
26	7	34	1	-0.000469161
26	7	34	2	-0.00111008
26	7	34	3	-0.000953188
26	8	34	1	-0.000469161
26	8	34	2	-0.00111008
26	8	34	3	-0.000953188
26	9	34	1	-0.000469161
26	9	34	2	-0.00111008
26	9	34	3	-0.000953188
26	10	34	1	-0.000469161
26	10	34	2	-0.00111008
26	10	34	3	-0.000953188
26	11	34	1	-0.000469161
26	11	34	2	-0.00111008
26	11	34	3	-0.000953188
26	12	34	1	-0.000469161
26	12	34	2	-0.00111008
26	12	34	3	-0.000953188
27	1	28	1	-0.610357
27	1	28	2	0.318787
27	1	29	1	0.0171214
27	1	29	2	0.0159281
27	1	29	3	0.0223777
27	1	29	4	0.0256446
27	1	29	5	0.0162449
27	1	29	6	-0.00776901
27	1	29	7	0.02588
27	1	29	8	0.0183325
27	1	29	9	0.0119183
27	1	29	10	0.0252773
27	1	29	11	0.026934
27	1	29	12	0.01543
27	1	30	1	0.0127287
27	1	30	2	-1.1261
27	1	30	3	151.557
27	1	30	4	-1.55423
27	1	30	5	-0.0117402
27	1	30	6	-0.00892523
27	1	34	1	-0.517017
27	1	34	2	-0.737977
27	1	34	3	-0.313284
28	1	29	1	0.509531
28	1	29	2	0.315745
28	1	29	3	0.593754
28	1	29	4	0.552766
28	1	29	5	0.512987
28	1	29	6	0.51872
28	1	29	7	0.592126
28	1	29	8	0.583927
28	1	29	9	-0.613986
28	1	29	10	0.592524
28	1	29	11	0.554544
28	1	29	12	0.313321
28	2	29	1	0.519796
28	2	29	2	0.3264
28	2	29	3	0.603782
28	2	29	4	0.56277
28	2	29	5	0.523225
28	2	29	6	0.529017
28	2	29	7	0.602184
28	2	29	8	0.593949
28	2	29	9	-0.603047
28	2	29	10	0.602566
28	2	29	11	0.564602
28	2	29	12	0.324458
28	1	30	1	1.01162
28	1	30	2	1.01353
28	1	30	3	0.984534
28	1	30	4	1.01276
28	1	30	5	1.01012
28	1	30	6	1.01141
28	2	30	1	1.01171
28	2	30	2	1.01362
28	2	30	3	0.984625
28	2	30	4	1.01285
28	2	30	5	1.01021
28	2	30	6	1.0115
28	1	34	1	236.756
28	1	34	2	121.266
28	1	34	3	117.434
28	2	34	1	117.475
28	2	34	2	-0.178373
28	2	34	3	-2.37454
29	1	30	1	-0.0119089
29	1	30	2	0.205604
29	1	30	3	0.211856
29	1	30	4	0.207308
29	1	30	5	-0.978535
29	1	30	6	-0.0154756
29	2	30	1	-0.00941693
29	2	30	2	0.207954
29	2	30	3	0.214204
29	2	30	4	0.209627
29	2	30	5	-0.884172
29	2	30	6	-0.0131054
29	3	30	1	-0.589026
29	3	30	2	-0.0848012
29	3	30	3	-0.0718814
29	3	30	4	-0.116465
29	3	30	5	5.44665
29	3	30	6	-1.24421
29	4	30	1	-0.124139
29	4	30	2	0.122027
29	4	30	3	0.130502
29	4	30	4	0.124463
29	4	30	5	-1.28113
29	4	30	6	-0.13577
29	5	30	1	-0.00848586
29	5	30	2	0.208964
29	5	30	3	0.215184
29	5	30	4	0.210644
29	5	30	5	-0.906316
29	5	30	6	-0.0123265
29	6	30	1	0.0112356
29	6	30	2	0.228566
29	6	30	3	0.23433
29	6	30	4	0.231336
29	6	30	5	-0.94314
29	6	30	6	0.00914667
29	7	30	1	-0.154203
29	7	30	2	0.0911828
29	7	30	3	0.101614
29	7	30	4	0.0940885
29	7	30	5	-1.59956
29	7	30	6	-0.186728
29	8	30	1	-1.81746
29	8	30	2	-0.844908
29	8	30	3	-0.826458
29	8	30	4	-1.08481
29	8	30	5	267.778
29	8	30	6	2.49189
29	9	30	1	-0.00727171
29	9	30	2	0.210774
29	9	30	3	0.216996
29	9	30	4	0.212529
29	9	30	5	-0.883407
29	9	30	6	-0.0123527
29	10	30	1	-0.164605
29	10	30	2	0.0841832
29	10	30	3	0.0949093
29	10	30	4	0.0871307
29	10	30	5	-1.88872
29	10	30	6	-0.200304
29	11	30	1	-0.114658
29	11	30	2	0.124282
29	11	30	3	0.132268
29	11	30	4	0.126633
29	11	30	5	-1.262
29	11	30	6	-0.125291
29	12	30	1	0.0034708
29	12	30	2	0.221202
29	12	30	3	0.22744
29	12	30	4	0.222927
29	12	30	5	-0.872388
29	12	30	6	-0.00101925
29	1	34	1	-0.0567269
29	1	34	2	-0.229705
29	1	34	3	-0.0159705
29	2	34	1	-0.0567269
29	2	34	2	-0.229705
29	2	34	3	-0.0159705
29	3	34	1	-0.0567269
29	3	34	2	-0.229705
29	3	34	3	-0.0159705
29	4	34	1	-0.0567269
29	4	34	2	-0.229705
29	4	34	3	-0.0159705
29	5	34	1	-0.0567269
29	5	34	2	-0.229705
29	5	34	3	-0.0159705
29	6	34	1	-0.0567269
29	6	34	2	-0.229705
29	6	34	3	-0.0159705
29	7	34	1	-0.0567269
29	7	34	2	-0.229705
29	7	34	3	-0.0159705
29	8	34	1	-0.0567269
29	8	34	2	-0.229705
29	8	34	3	-0.0159705
29	9	34	1	-0.0570625
29	9	34	2	-0.229034
29	9	34	3	-0.0159705
29	10	34	1	-0.0567269
29	10	34	2	-0.229705
29	10	34	3	-0.0159705
29	11	34	1	-0.0567269
29	11	34	2	-0.229705
29	11	34	3	-0.0159705
29	12	34	1	-0.0567269
29	12	34	2	-0.229705
29	12	34	3	-0.0159705
30	1	34	1	-0.0344206
30	1	34	2	-0.449311
30	1	34	3	-0.0882618
30	2	34	1	-0.0344297
30	2	34	2	-0.449316
30	2	34	3	-0.0882702
30	3	34	1	-0.0349546
30	3	34	2	-0.449808
30	3	34	3	-0.0888188
30	4	34	1	-0.0344327
30	4	34	2	-0.449318
30	4	34	3	-0.088273
30	5	34	1	-0.0342979
30	5	34	2	-0.449228
30	5	34	3	-0.0881484
30	6	34	1	-0.0343141
30	6	34	2	-0.44924
30	6	34	3	-0.0881633
[END TWOBODY SEQPOS1/ROTINDEX1/SEQPOS2/ROTINDEX2/ENERGY]
