[BEGIN ONEBODY SEQPOS/ROTINDEX/ENERGY]
1	1	3.89571
1	2	4.26064
2	1	2.4595
3	1	2.36129
4	1	2.32466
5	1	2.46095
6	1	2.45547
7	1	347.87
8	1	1.95841
9	1	2.5777
10	1	2.3233
14	1	0.32768
15	1	13.4614
17	1	1.18472
18	1	2.07976
20	1	3.57166
21	1	13.6525
21	2	15.1886
23	1	0.707629
24	1	2.17173
25	1	13.9379
27	1	1.7606
28	1	2.40458
33	1	1.36732
34	1	0.445694
35	1	0.310328
36	1	1.33709
37	1	0.981523
38	1	2.45758
39	1	2.46039
40	1	3.53875
[END ONEBODY SEQPOS/ROTINDEX/ENERGY]
[BEGIN TWOBODY SEQPOS1/ROTINDEX1/SEQPOS2/ROTINDEX2/ENERGY]
1	1	2	1	10.0294
1	2	2	1	11.1877
1	1	3	1	0.248687
1	2	3	1	0.244042
1	1	4	1	-1.36596
1	2	4	1	-1.36999
1	1	5	1	-1.08454
1	2	5	1	-1.04243
1	1	6	1	-0.172079
1	2	6	1	-0.172079
1	1	17	1	-0.0681561
1	2	17	1	-0.0681561
1	1	18	1	-0.000326101
1	2	18	1	-0.000326101
1	1	20	1	0.056788
1	2	20	1	0.056788
1	1	21	1	-0.0472988
1	1	21	2	-0.0214765
1	2	21	1	-0.0214765
1	2	21	2	0.0026372
1	1	24	1	-0.218079
1	2	24	1	-0.25482
1	1	37	1	-0.0189149
1	2	37	1	-0.0298647
1	1	38	1	0.068374
1	2	38	1	-0.1699
1	1	39	1	-0.648161
1	2	39	1	-0.669696
1	1	40	1	-0.487065
1	2	40	1	-0.624842
2	1	3	1	-0.410423
2	1	4	1	0.0182355
2	1	5	1	-1.51819
2	1	6	1	-1.38669
2	1	7	1	-0.179224
2	1	17	1	-0.209327
2	1	38	1	-0.402834
2	1	39	1	2.55216e-05
3	1	4	1	-0.406319
3	1	5	1	0.0173254
3	1	6	1	-1.52027
3	1	7	1	-1.2006
3	1	8	1	-0.168026
3	1	14	1	-0.000989546
3	1	17	1	364.574
3	1	18	1	-0.0149149
3	1	20	1	23.4698
3	1	24	1	0.0106331
3	1	38	1	-0.661605
4	1	5	1	-0.405042
4	1	6	1	0.0194762
4	1	7	1	-1.53459
4	1	8	1	-0.927478
4	1	9	1	-0.164534
4	1	10	1	-1.26389e-05
4	1	14	1	-0.0327596
4	1	15	1	-0.00332738
4	1	17	1	362.155
4	1	18	1	87.2851
4	1	20	1	-0.982449
4	1	21	1	-0.218079
4	1	21	2	-0.25482
4	1	23	1	0.0106331
4	1	24	1	656.404
4	1	25	1	-0.0528349
4	1	27	1	-0.000274576
4	1	28	1	-0.487464
4	1	34	1	0.22988
4	1	35	1	-0.116908
4	1	36	1	-5.47241e-05
4	1	37	1	-0.906514
4	1	38	1	747.56
4	1	39	1	-0.0787644
4	1	40	1	-0.00551528
5	1	6	1	-0.409615
5	1	7	1	0.019472
5	1	8	1	-1.52721
5	1	9	1	-1.26521
5	1	10	1	-0.185028
5	1	14	1	-0.00332738
5	1	17	1	-0.401037
5	1	18	1	-0.00473585
5	1	24	1	-0.0528349
5	1	34	1	-0.116908
5	1	35	1	-0.752167
5	1	36	1	-0.0230247
5	1	37	1	-0.00793242
5	1	38	1	728.689
5	1	39	1	14.3021
5	1	40	1	-0.0278758
6	1	7	1	-0.409212
6	1	8	1	0.0174425
6	1	9	1	-1.51562
6	1	10	1	0.400312
6	1	14	1	-0.0256694
6	1	17	1	-0.923908
6	1	34	1	-5.47241e-05
6	1	35	1	-0.0230247
6	1	38	1	-0.00731981
7	1	8	1	-0.40477
7	1	9	1	0.018093
7	1	10	1	27.8973
7	1	14	1	362.155
7	1	15	1	-0.401037
7	1	17	1	941.305
7	1	18	1	-0.133511
7	1	20	1	-0.0220223
7	1	24	1	-0.000274576
7	1	28	1	-1.36225
7	1	34	1	-0.906513
7	1	35	1	-0.00793242
7	1	38	1	-0.348505
8	1	9	1	-0.406836
8	1	10	1	0.631373
8	1	14	1	87.2851
8	1	15	1	-0.00473585
8	1	17	1	-0.133511
8	1	18	1	-0.560262
8	1	24	1	-0.487464
8	1	27	1	-1.36225
8	1	28	1	-1.10408
8	1	33	1	-0.661606
8	1	34	1	747.561
8	1	35	1	728.689
8	1	36	1	-0.00731982
8	1	37	1	-0.348505
8	1	38	1	121.703
8	1	39	1	0.0461404
9	1	10	1	-0.951003
9	1	14	1	-0.102724
9	1	17	1	-4.75206e-05
9	1	34	1	-0.0787644
9	1	35	1	14.3021
9	1	38	1	0.0461404
9	1	39	1	0.000480723
10	1	14	1	-0.982449
10	1	17	1	-0.0220223
10	1	34	1	-0.00551528
10	1	35	1	-0.0278758
14	1	15	1	-0.405042
14	1	17	1	-1.53459
14	1	18	1	-0.927478
14	1	20	1	-1.26389e-05
14	1	24	1	0.22988
14	1	25	1	-0.116908
14	1	27	1	-0.906514
14	1	28	1	747.56
14	1	33	1	0.0106331
14	1	34	1	656.404
14	1	35	1	-0.0528349
14	1	37	1	-0.000274576
14	1	38	1	-0.487464
15	1	17	1	0.019472
15	1	18	1	-1.52721
15	1	20	1	-0.185028
15	1	24	1	-0.116908
15	1	25	1	-0.752167
15	1	27	1	-0.00793242
15	1	28	1	728.689
15	1	34	1	-0.0528349
17	1	18	1	-0.40477
17	1	20	1	27.8973
17	1	21	1	-0.0189149
17	1	21	2	-0.0298647
17	1	24	1	-0.906513
17	1	25	1	-0.00793242
17	1	28	1	-0.348505
17	1	34	1	-0.000274576
17	1	38	1	-1.36225
18	1	20	1	0.631373
18	1	21	1	0.0683738
18	1	21	2	-0.1699
18	1	23	1	-0.661606
18	1	24	1	747.561
18	1	25	1	728.689
18	1	27	1	-0.348505
18	1	28	1	121.703
18	1	34	1	-0.487464
18	1	37	1	-1.36225
18	1	38	1	-1.10408
20	1	21	1	-0.487065
20	1	21	2	-0.624842
20	1	24	1	-0.00551528
20	1	25	1	-0.0278758
21	1	23	1	0.248687
21	2	23	1	0.244042
21	1	24	1	-1.36596
21	2	24	1	-1.36999
21	1	25	1	-1.08454
21	2	25	1	-1.04243
21	1	37	1	-0.0681561
21	2	37	1	-0.0681561
21	1	38	1	-0.000326101
21	2	38	1	-0.000326101
21	1	40	1	0.056788
21	2	40	1	0.056788
23	1	24	1	-0.406319
23	1	25	1	0.0173254
23	1	27	1	-1.2006
23	1	28	1	-0.168026
23	1	33	1	0.00186086
23	1	34	1	-0.000989546
23	1	36	1	-0.0915962
23	1	37	1	364.574
23	1	38	1	-0.0149149
23	1	40	1	23.4698
24	1	25	1	-0.405042
24	1	27	1	-1.53459
24	1	28	1	-0.927478
24	1	33	1	-0.000989546
24	1	34	1	-0.0327596
24	1	35	1	-0.00332738
24	1	36	1	-0.0256694
24	1	37	1	362.155
24	1	38	1	87.2851
24	1	39	1	-0.102724
24	1	40	1	-0.982449
25	1	27	1	0.019472
25	1	28	1	-1.52721
25	1	34	1	-0.00332738
25	1	37	1	-0.401037
25	1	38	1	-0.00473585
27	1	28	1	-0.40477
27	1	33	1	364.574
27	1	34	1	362.155
27	1	35	1	-0.401037
27	1	36	1	-0.923908
27	1	37	1	941.305
27	1	38	1	-0.133511
27	1	39	1	-4.75206e-05
27	1	40	1	-0.0220223
28	1	33	1	-0.0149149
28	1	34	1	87.2851
28	1	35	1	-0.00473585
28	1	37	1	-0.133511
28	1	38	1	-0.560262
33	1	34	1	-0.406319
33	1	35	1	0.0173254
33	1	36	1	-1.52027
33	1	37	1	-1.2006
33	1	38	1	-0.168026
34	1	35	1	-0.405042
34	1	36	1	0.0194762
34	1	37	1	-1.53459
34	1	38	1	-0.927478
34	1	39	1	-0.164534
34	1	40	1	-1.26389e-05
35	1	36	1	-0.409615
35	1	37	1	0.019472
35	1	38	1	-1.52721
35	1	39	1	-1.26521
35	1	40	1	-0.185028
36	1	37	1	-0.409212
36	1	38	1	0.0174425
36	1	39	1	-1.51562
36	1	40	1	0.400312
37	1	38	1	-0.40477
37	1	39	1	0.018093
37	1	40	1	27.8973
38	1	39	1	-0.406836
38	1	40	1	0.631373
39	1	40	1	-0.951003
[END TWOBODY SEQPOS1/ROTINDEX1/SEQPOS2/ROTINDEX2/ENERGY]
