[BEGIN ONEBODY SEQPOS/ROTINDEX/ENERGY]
1	1	11.9439
1	2	12.3414
1	3	12.1176
4	1	4.94799
5	1	1.49604
5	2	1.53303
5	3	1.50367
6	1	-4.07878
6	2	-2.94666
6	3	-2.98603
6	4	-1.65824
6	5	-1.64556
6	6	-1.70228
7	1	29.8002
8	1	3.16638
17	1	6.21049
18	1	125.056
24	1	2.86147
27	1	7.7227
34	1	81.7951
35	1	1.24305
35	2	1.09039
35	3	1.24819
37	1	6.98698
38	1	4.18658
39	1	2.57734
39	2	2.64875
39	3	2.65591
39	4	4.17844
39	5	4.05249
39	6	4.21717
[END ONEBODY SEQPOS/ROTINDEX/ENERGY]
[BEGIN TWOBODY SEQPOS1/ROTINDEX1/SEQPOS2/ROTINDEX2/ENERGY]
1	1	4	1	-1.04224
1	2	4	1	-1.04224
1	3	4	1	-1.04224
1	1	5	1	-2.04344
1	1	5	2	-2.04338
1	1	5	3	-2.06001
1	2	5	1	-2.04986
1	2	5	2	-2.04981
1	2	5	3	-2.06643
1	3	5	1	-2.04986
1	3	5	2	-2.04981
1	3	5	3	-2.06643
1	1	6	1	-0.174927
1	1	6	2	-0.170088
1	1	6	3	-0.170088
1	1	6	4	-0.170088
1	1	6	5	-0.170088
1	1	6	6	-0.170088
1	2	6	1	-0.174927
1	2	6	2	-0.170088
1	2	6	3	-0.170088
1	2	6	4	-0.170088
1	2	6	5	-0.170088
1	2	6	6	-0.170088
1	3	6	1	-0.174927
1	3	6	2	-0.170088
1	3	6	3	-0.170088
1	3	6	4	-0.170088
1	3	6	5	-0.170088
1	3	6	6	-0.170088
1	1	17	1	-0.000474573
1	2	17	1	-0.000474573
1	3	17	1	-0.000474573
1	1	18	1	-0.000326101
1	2	18	1	-0.000326101
1	3	18	1	-0.000326101
1	1	24	1	-0.0806725
1	2	24	1	-0.0806725
1	3	24	1	-0.0806725
1	1	37	1	-6.05588e-05
1	2	37	1	-6.05588e-05
1	3	37	1	-6.05588e-05
1	1	38	1	-0.307545
1	2	38	1	-0.288078
1	3	38	1	-0.288092
1	1	39	1	0.130846
1	1	39	2	0.130845
1	1	39	3	0.130846
1	1	39	4	0.130846
1	1	39	5	0.130846
1	1	39	6	0.130846
1	2	39	1	0.13045
1	2	39	2	0.130448
1	2	39	3	0.13045
1	2	39	4	0.13045
1	2	39	5	0.13045
1	2	39	6	0.13045
1	3	39	1	0.127692
1	3	39	2	0.127691
1	3	39	3	0.127692
1	3	39	4	0.127692
1	3	39	5	0.127692
1	3	39	6	0.127692
4	1	5	1	0.870666
4	1	5	2	0.868412
4	1	5	3	0.862782
4	1	6	1	0.0231872
4	1	6	2	0.0358873
4	1	6	3	0.0358873
4	1	6	4	0.0373315
4	1	6	5	0.0373315
4	1	6	6	0.0373315
4	1	7	1	-1.6207
4	1	8	1	-2.37142
4	1	17	1	22.6922
4	1	18	1	43.8734
4	1	24	1	1741.6
4	1	27	1	-0.0171587
4	1	34	1	0.528965
4	1	35	1	-0.091619
4	1	35	2	-0.0915811
4	1	35	3	-0.0915811
4	1	37	1	-0.745819
4	1	38	1	613.621
4	1	39	1	-0.063831
4	1	39	2	-0.063831
4	1	39	3	-0.063831
4	1	39	4	-0.063831
4	1	39	5	-0.063831
4	1	39	6	-0.063831
5	1	6	1	0.660904
5	1	6	2	0.521693
5	1	6	3	0.455686
5	1	6	4	0.830492
5	1	6	5	0.828539
5	1	6	6	0.82305
5	2	6	1	0.599346
5	2	6	2	0.445085
5	2	6	3	0.358671
5	2	6	4	0.755561
5	2	6	5	0.753608
5	2	6	6	0.748119
5	3	6	1	0.699481
5	3	6	2	0.55603
5	3	6	3	0.490024
5	3	6	4	0.86483
5	3	6	5	0.862877
5	3	6	6	0.857387
5	1	7	1	0.0233198
5	2	7	1	0.023227
5	3	7	1	0.0233198
5	1	8	1	-1.48589
5	2	8	1	-1.49227
5	3	8	1	-1.50779
5	1	17	1	-0.0362469
5	2	17	1	-0.0362469
5	3	17	1	-0.0362469
5	1	18	1	-0.00124856
5	2	18	1	-0.00124856
5	3	18	1	-0.00124856
5	1	24	1	-0.0896145
5	2	24	1	-0.0896145
5	3	24	1	-0.0896145
5	1	34	1	-0.091619
5	2	34	1	-0.0915811
5	3	34	1	-0.0915811
5	1	35	1	-1.65665
5	1	35	2	-1.24146
5	1	35	3	-1.27358
5	2	35	1	-1.24146
5	2	35	2	-0.907832
5	2	35	3	-0.8444
5	3	35	1	-1.27358
5	3	35	2	-0.844399
5	3	35	3	-0.769548
5	1	37	1	0.00113818
5	2	37	1	0.00113818
5	3	37	1	0.00113818
5	1	38	1	125.266
5	2	38	1	125.082
5	3	38	1	125.083
5	1	39	1	1.0319
5	1	39	2	0.592644
5	1	39	3	0.724952
5	1	39	4	-0.836562
5	1	39	5	-0.837226
5	1	39	6	-0.824624
5	2	39	1	1.01338
5	2	39	2	0.931366
5	2	39	3	1.17244
5	2	39	4	-0.934067
5	2	39	5	-0.892985
5	2	39	6	-0.893598
5	3	39	1	0.876876
5	3	39	2	1.05775
5	3	39	3	1.03594
5	3	39	4	-0.860726
5	3	39	5	-0.901165
5	3	39	6	-0.895496
6	1	7	1	0.719652
6	2	7	1	0.690703
6	3	7	1	0.706
6	4	7	1	0.663843
6	5	7	1	0.601603
6	6	7	1	0.702561
6	1	8	1	0.034262
6	2	8	1	0.034262
6	3	8	1	0.034262
6	4	8	1	0.0355511
6	5	8	1	0.0354586
6	6	8	1	0.0355511
6	1	17	1	-0.736817
6	2	17	1	-0.736817
6	3	17	1	-0.736817
6	4	17	1	-0.748271
6	5	17	1	-0.76512
6	6	17	1	-0.748276
6	1	35	1	-0.0217573
6	1	35	2	-0.00207339
6	1	35	3	-0.00207339
6	2	35	1	-0.0217573
6	2	35	2	-0.00207339
6	2	35	3	-0.00207339
6	3	35	1	-0.0217573
6	3	35	2	-0.00207339
6	3	35	3	-0.00207339
6	4	35	1	-0.0217573
6	4	35	2	-0.00207339
6	4	35	3	-0.00207339
6	5	35	1	-0.0217573
6	5	35	2	-0.00207339
6	5	35	3	-0.00207339
6	6	35	1	-0.0217573
6	6	35	2	-0.00207339
6	6	35	3	-0.00207339
6	1	38	1	-0.00292236
6	2	38	1	-0.00291892
6	3	38	1	-0.00291892
6	4	38	1	-0.00291892
6	5	38	1	-0.00291892
6	6	38	1	-0.00291892
7	1	8	1	0.560407
7	1	17	1	1827.34
7	1	18	1	0.006104
7	1	24	1	-0.0171587
7	1	34	1	-0.0693996
7	1	35	1	0.00113818
7	1	35	2	0.00113818
7	1	35	3	0.00113818
7	1	38	1	-0.559039
8	1	17	1	-0.0310695
8	1	18	1	-0.683974
8	1	24	1	-0.606621
8	1	27	1	-0.387318
8	1	34	1	418.274
8	1	35	1	125.266
8	1	35	2	125.082
8	1	35	3	125.083
8	1	37	1	-0.559039
8	1	38	1	119.842
8	1	39	1	0.0122606
8	1	39	2	0.000948669
8	1	39	3	0.000948669
8	1	39	4	0.000949172
8	1	39	5	0.000949172
8	1	39	6	0.000949172
17	1	18	1	0.725343
17	1	24	1	-0.745819
17	1	34	1	-6.53365e-05
17	1	38	1	-0.387318
18	1	24	1	529.582
18	1	27	1	-0.611512
18	1	34	1	-0.0966516
18	1	37	1	-0.497555
18	1	38	1	-1.08951
24	1	27	1	-1.6207
24	1	34	1	0.308853
24	1	37	1	22.6922
24	1	38	1	52.731
24	1	39	1	-0.0207143
24	1	39	2	-0.0207143
24	1	39	3	-0.0207143
24	1	39	4	-0.0207143
24	1	39	5	-0.0207143
24	1	39	6	-0.0207143
27	1	34	1	43.7105
27	1	35	1	-0.0362469
27	1	35	2	-0.0362469
27	1	35	3	-0.0362469
27	1	37	1	1827.34
27	1	38	1	-0.0310695
34	1	35	1	0.855265
34	1	35	2	0.853011
34	1	35	3	0.847381
34	1	37	1	-1.58569
34	1	38	1	-1.90494
34	1	39	1	-0.168032
34	1	39	2	-0.162132
34	1	39	3	-0.162132
34	1	39	4	-0.162132
34	1	39	5	-0.162132
34	1	39	6	-0.162132
35	1	37	1	0.0233198
35	2	37	1	0.023227
35	3	37	1	0.0233198
35	1	38	1	-1.48589
35	2	38	1	-1.49227
35	3	38	1	-1.50779
35	1	39	1	-3.39185
35	1	39	2	-2.27736
35	1	39	3	-2.35561
35	1	39	4	-2.06117
35	1	39	5	-2.06112
35	1	39	6	-2.0759
35	2	39	1	-3.35786
35	2	39	2	-2.35097
35	2	39	3	-2.34155
35	2	39	4	-1.97399
35	2	39	5	-1.97394
35	2	39	6	-1.98238
35	3	39	1	-3.4214
35	3	39	2	-2.24628
35	3	39	3	-2.32545
35	3	39	4	-2.07852
35	3	39	5	-2.07847
35	3	39	6	-2.09326
37	1	38	1	0.560407
37	1	39	1	0.020199
37	1	39	2	0.0337035
37	1	39	3	0.0337035
37	1	39	4	0.0351427
37	1	39	5	0.0351427
37	1	39	6	0.0351427
38	1	39	1	0.691754
38	1	39	2	0.527572
38	1	39	3	0.463978
38	1	39	4	0.836174
38	1	39	5	0.8341
38	1	39	6	0.828567
[END TWOBODY SEQPOS1/ROTINDEX1/SEQPOS2/ROTINDEX2/ENERGY]
