[BEGIN ONEBODY SEQPOS/ROTINDEX/ENERGY]
4	1	1.5874
7	1	-0.459497
8	1	1.17656
11	1	2.61912
11	2	2.90701
12	1	2.42114
12	2	1.76653
13	1	1.88838
13	2	1.70227
14	1	2.37087
15	1	2.24527
16	1	0.522781
16	2	-0.108345
17	1	0.236112
18	1	2.78199
19	1	2.42206
19	2	1.78446
23	1	2.29937
23	2	1.85816
24	1	1.2503
25	1	-0.738425
26	1	0.38057
26	2	-0.365898
27	1	1.06795
28	1	1.76128
29	1	2.42223
29	2	1.76647
30	1	1.90804
33	1	1.23284
33	2	0.471878
34	1	1.08504
35	1	-3.86951
37	1	1.56085
38	1	4.77334
[END ONEBODY SEQPOS/ROTINDEX/ENERGY]
[BEGIN TWOBODY SEQPOS1/ROTINDEX1/SEQPOS2/ROTINDEX2/ENERGY]
4	1	7	1	-1.97856
4	1	8	1	-3.35099
4	1	13	1	-0.000149082
4	1	13	2	-0.000149082
4	1	14	1	-0.990971
4	1	15	1	-0.000607629
4	1	16	1	-0.000695129
4	1	16	2	-0.000695129
4	1	17	1	-1.94084
4	1	18	1	193.269
4	1	19	1	-0.0235651
4	1	19	2	-0.0235651
4	1	23	1	-0.00133105
4	1	23	2	-0.00133105
4	1	24	1	899.232
4	1	25	1	-0.032745
4	1	27	1	0.000468495
4	1	28	1	-0.766409
4	1	34	1	-0.339231
4	1	35	1	-0.00417022
4	1	37	1	-0.201828
4	1	38	1	757.043
7	1	8	1	0.0427844
7	1	12	1	-0.00106137
7	1	12	2	-0.00106137
7	1	13	1	52.3567
7	1	13	2	-1.0013
7	1	14	1	-1.94084
7	1	15	1	-0.047883
7	1	16	1	-0.464308
7	1	16	2	-0.456802
7	1	17	1	2142.52
7	1	18	1	-0.0548789
7	1	19	1	-6.10033e-06
7	1	19	2	-6.10033e-06
7	1	24	1	0.000468495
7	1	28	1	-0.0159969
7	1	34	1	-0.201828
7	1	38	1	-0.516761
8	1	11	1	0
8	1	11	2	0
8	1	13	1	-0.000515889
8	1	13	2	0
8	1	14	1	193.269
8	1	17	1	-0.0548789
8	1	18	1	-0.823776
8	1	24	1	-0.766409
8	1	27	1	-0.0159969
8	1	28	1	0.844762
8	1	33	1	-0.059536
8	1	33	2	-0.059536
8	1	34	1	757.043
8	1	35	1	1.26897
8	1	37	1	-0.516761
8	1	38	1	1071.5
11	1	12	1	7.59838
11	1	12	2	7.29343
11	2	12	1	7.61488
11	2	12	2	7.348
11	1	13	1	0.228515
11	1	13	2	0.252923
11	2	13	1	0.228573
11	2	13	2	0.252982
11	1	14	1	-1.39619
11	2	14	1	-1.19983
11	1	15	1	-1.97682
11	2	15	1	-1.94783
11	1	16	1	-0.170311
11	1	16	2	-0.170872
11	2	16	1	-0.170311
11	2	16	2	-0.170872
11	1	27	1	-0.0216574
11	2	27	1	-0.000306588
11	1	28	1	3.07604
11	2	28	1	0.0153034
11	1	29	1	-0.691648
11	1	29	2	-0.691536
11	2	29	1	-0.058004
11	2	29	2	-0.0580008
11	1	30	1	-0.458776
11	2	30	1	-0.0741285
11	1	34	1	-0.0199076
11	2	34	1	-0.0207135
12	1	13	1	0.262437
12	1	13	2	-0.0163198
12	2	13	1	0.277927
12	2	13	2	0.0338392
12	1	14	1	0.0248034
12	2	14	1	0.0240874
12	1	15	1	-1.52608
12	2	15	1	-1.32657
12	1	16	1	-1.87285
12	1	16	2	-3.11603
12	2	16	1	-1.86236
12	2	16	2	-1.88585
12	1	17	1	-0.179177
12	2	17	1	-0.179177
12	1	28	1	-0.000399398
12	2	28	1	-0.000399398
13	1	14	1	0.270814
13	2	14	1	0.285939
13	1	15	1	0.0233424
13	2	15	1	0.0226334
13	1	16	1	-1.53056
13	1	16	2	-1.95056
13	2	16	1	-1.32336
13	2	16	2	-1.97429
13	1	17	1	-3.28544
13	2	17	1	-1.92847
13	1	18	1	-0.165066
13	2	18	1	-0.165066
13	1	28	1	-0.059536
13	2	28	1	-0.059536
13	1	34	1	-0.00133105
13	2	34	1	-0.00133105
14	1	15	1	0.267409
14	1	16	1	0.0250769
14	1	16	2	0.0161581
14	1	17	1	-1.97856
14	1	18	1	-3.35099
14	1	19	1	-0.160721
14	1	19	2	-0.161348
14	1	24	1	-0.339231
14	1	25	1	-0.00417022
14	1	27	1	-0.201828
14	1	28	1	757.043
14	1	29	1	-0.027741
14	1	29	2	-0.027741
14	1	30	1	-0.018297
14	1	33	1	-0.00133105
14	1	33	2	-0.00133105
14	1	34	1	899.232
14	1	35	1	-0.032745
14	1	37	1	0.000468495
14	1	38	1	-0.766409
15	1	16	1	0.260355
15	1	16	2	-0.0170468
15	1	17	1	0.0165428
15	1	18	1	-1.97041
15	1	19	1	-1.92118
15	1	19	2	-3.18073
15	1	24	1	-0.00417022
15	1	25	1	0.448429
15	1	26	1	-0.00010063
15	1	26	2	-0.00010063
15	1	28	1	1.26897
15	1	29	1	-1.18975
15	1	29	2	-1.0816
15	1	30	1	-2.93791e-05
15	1	34	1	-0.032745
16	1	17	1	-0.0131422
16	2	17	1	0.0368709
16	1	18	1	0.0139309
16	2	18	1	0.0132135
16	1	19	1	-1.51695
16	1	19	2	-1.94524
16	2	19	1	-1.31402
16	2	19	2	-1.97359
16	1	25	1	-0.00010063
16	2	25	1	-0.00010063
16	1	28	1	-0.0608466
16	2	28	1	-0.0608545
17	1	18	1	0.0427844
17	1	19	1	0.0230981
17	1	19	2	0.0137405
17	1	24	1	-0.201828
17	1	28	1	-0.516761
17	1	34	1	0.000468495
17	1	38	1	-0.0159969
18	1	19	1	0.279222
18	1	19	2	0.036972
18	1	23	1	-0.059536
18	1	23	2	-0.059536
18	1	24	1	757.043
18	1	25	1	1.26897
18	1	26	1	-0.0608466
18	1	26	2	-0.0608545
18	1	27	1	-0.516761
18	1	28	1	1071.5
18	1	29	1	-0.0376643
18	1	29	2	-0.0349638
18	1	34	1	-0.766409
18	1	37	1	-0.0159969
18	1	38	1	0.844762
19	1	23	1	0
19	1	23	2	0
19	2	23	1	0
19	2	23	2	0
19	1	24	1	-0.027741
19	2	24	1	-0.027741
19	1	25	1	-1.18974
19	2	25	1	-1.0816
19	1	28	1	-0.0376643
19	2	28	1	-0.0349638
19	1	29	1	0
19	1	29	2	0
19	2	29	1	0
19	2	29	2	0.00269556
23	1	24	1	0.270814
23	2	24	1	0.285939
23	1	25	1	0.0233424
23	2	25	1	0.0226334
23	1	26	1	-1.53056
23	1	26	2	-1.95056
23	2	26	1	-1.32336
23	2	26	2	-1.97429
23	1	27	1	-3.28544
23	2	27	1	-1.92847
23	1	28	1	-0.165066
23	2	28	1	-0.165066
23	1	33	1	0.000429944
23	1	33	2	0
23	2	33	1	0
23	2	33	2	0
23	1	34	1	-0.000149082
23	2	34	1	-0.000149082
23	1	37	1	52.3567
23	2	37	1	-1.0013
23	1	38	1	-0.000515889
23	2	38	1	0
24	1	25	1	0.267409
24	1	26	1	0.0250769
24	1	26	2	0.0161581
24	1	27	1	-1.97856
24	1	28	1	-3.35099
24	1	29	1	-0.160721
24	1	29	2	-0.161348
24	1	33	1	-0.000149082
24	1	33	2	-0.000149082
24	1	34	1	-0.990971
24	1	35	1	-0.000607629
24	1	37	1	-1.94084
24	1	38	1	193.269
25	1	26	1	0.260355
25	1	26	2	-0.0170468
25	1	27	1	0.0165428
25	1	28	1	-1.97041
25	1	29	1	-1.92118
25	1	29	2	-3.18073
25	1	30	1	-0.177432
25	1	34	1	-0.000607629
25	1	37	1	-0.047883
26	1	27	1	-0.0131422
26	2	27	1	0.0368709
26	1	28	1	0.0139309
26	2	28	1	0.0132135
26	1	29	1	-1.51695
26	1	29	2	-1.94524
26	2	29	1	-1.31402
26	2	29	2	-1.97359
26	1	30	1	-2.82364
26	2	30	1	-1.5165
26	1	33	1	-0.00204175
26	1	33	2	0
26	2	33	1	-0.00237603
26	2	33	2	0
26	1	34	1	-0.000695129
26	2	34	1	-0.000695129
26	1	37	1	-0.464308
26	2	37	1	-0.456802
27	1	28	1	0.0427844
27	1	29	1	0.0230981
27	1	29	2	0.0137405
27	1	30	1	-0.441964
27	1	33	1	52.3567
27	1	33	2	-1.0013
27	1	34	1	-1.94084
27	1	35	1	-0.047883
27	1	37	1	2142.52
27	1	38	1	-0.0548789
28	1	29	1	0.279222
28	1	29	2	0.036972
28	1	30	1	1.00865
28	1	33	1	-0.000515889
28	1	33	2	0
28	1	34	1	193.269
28	1	37	1	-0.0548789
28	1	38	1	-0.823776
29	1	30	1	-0.368429
29	2	30	1	-0.30764
29	1	34	1	-0.0235651
29	2	34	1	-0.0235651
29	1	37	1	-6.10033e-06
29	2	37	1	-6.10033e-06
30	1	33	1	-1.08584
30	1	33	2	-0.159095
30	1	34	1	-0.00853535
30	1	37	1	-0.0228933
33	1	34	1	0.270814
33	2	34	1	0.285939
33	1	35	1	0.0233424
33	2	35	1	0.0226334
33	1	37	1	-3.28544
33	2	37	1	-1.92847
33	1	38	1	-0.165066
33	2	38	1	-0.165066
34	1	35	1	0.267409
34	1	37	1	-1.97856
34	1	38	1	-3.35099
35	1	37	1	0.0165428
35	1	38	1	-1.97041
37	1	38	1	0.0427844
[END TWOBODY SEQPOS1/ROTINDEX1/SEQPOS2/ROTINDEX2/ENERGY]
