[BEGIN ONEBODY SEQPOS/ROTINDEX/ENERGY]
4	1	18.9555
5	1	-3.51927
5	2	-3.98242
5	3	-4.21171
5	4	-4.49288
5	5	-4.44877
5	6	-4.11878
5	7	-3.61578
5	8	-3.33823
5	9	-2.93838
5	10	-2.78808
5	11	-2.69733
5	12	-2.76437
5	13	-2.88591
5	14	-3.15088
5	15	-3.10969
5	16	-3.16384
5	17	-3.1663
5	18	-3.28949
8	1	450.255
24	1	117.96
37	1	421.029
38	1	1.48395
39	1	-1.03746
39	2	-1.59707
39	3	-1.94881
39	4	-2.28438
39	5	-2.25799
39	6	-1.92583
39	7	-1.46837
39	8	-1.22104
39	9	-0.829816
39	10	-0.61333
39	11	-0.412666
39	12	-0.335182
39	13	-0.343127
39	14	-0.533247
39	15	-0.469284
39	16	-0.518783
39	17	-0.566434
39	18	-0.740791
39	19	2.49333
39	20	2.85424
39	21	3.17135
39	22	3.3888
39	23	3.51861
39	24	3.59338
39	25	4.13404
39	26	4.31262
39	27	4.37261
39	28	4.36825
39	29	4.17016
39	30	3.9077
39	31	4.04405
39	32	3.7075
39	33	3.23195
39	34	2.75604
39	35	2.26304
39	36	2.03799
[END ONEBODY SEQPOS/ROTINDEX/ENERGY]
[BEGIN TWOBODY SEQPOS1/ROTINDEX1/SEQPOS2/ROTINDEX2/ENERGY]
4	1	5	1	0.427178
4	1	5	2	0.516634
4	1	5	3	0.511098
4	1	5	4	0.44277
4	1	5	5	0.374272
4	1	5	6	0.305304
4	1	5	7	0.242916
4	1	5	8	0.171327
4	1	5	9	0.07397
4	1	5	10	0.00627683
4	1	5	11	-0.0134147
4	1	5	12	-0.0041023
4	1	5	13	0.0524561
4	1	5	14	0.120016
4	1	5	15	0.145161
4	1	5	16	0.163025
4	1	5	17	0.226669
4	1	5	18	0.313809
4	1	8	1	0.12184
4	1	24	1	717.762
4	1	37	1	-0.508394
4	1	38	1	479.747
4	1	39	1	-0.0660858
4	1	39	2	-0.0660961
4	1	39	3	-0.0660859
4	1	39	4	-0.0660834
4	1	39	5	-0.0660834
4	1	39	6	-0.0660834
4	1	39	7	-0.0660834
4	1	39	8	-0.0660834
4	1	39	9	-0.0660834
4	1	39	10	-0.0660834
4	1	39	11	-0.0660834
4	1	39	12	-0.0660834
4	1	39	13	-0.0660834
4	1	39	14	-0.0660834
4	1	39	15	-0.0660834
4	1	39	16	-0.0660834
4	1	39	17	-0.0660834
4	1	39	18	-0.0660834
4	1	39	19	-0.0660862
4	1	39	20	-0.0660862
4	1	39	21	-0.0660862
4	1	39	22	-0.0660862
4	1	39	23	-0.0660862
4	1	39	24	-0.0660862
4	1	39	25	-0.0660862
4	1	39	26	-0.0660862
4	1	39	27	-0.0660862
4	1	39	28	-0.0660862
4	1	39	29	-0.0660862
4	1	39	30	-0.0660862
4	1	39	31	-0.0660862
4	1	39	32	-0.0660862
4	1	39	33	-0.0660862
4	1	39	34	-0.0660862
4	1	39	35	-0.0660862
4	1	39	36	-0.0660862
5	1	8	1	-1.70486
5	2	8	1	-1.68642
5	3	8	1	-1.67098
5	4	8	1	-1.66878
5	5	8	1	-1.66899
5	6	8	1	-1.66899
5	7	8	1	-1.66898
5	8	8	1	-1.66898
5	9	8	1	-1.66898
5	10	8	1	-1.66898
5	11	8	1	-1.66899
5	12	8	1	-1.669
5	13	8	1	-1.67654
5	14	8	1	-1.69841
5	15	8	1	-1.72251
5	16	8	1	-1.73576
5	17	8	1	-1.73438
5	18	8	1	-1.72232
5	1	24	1	-0.0499588
5	2	24	1	-0.0491074
5	3	24	1	-0.0371423
5	4	24	1	-0.0317728
5	5	24	1	-0.0377217
5	6	24	1	-0.0381083
5	7	24	1	-0.0380884
5	8	24	1	-0.0380884
5	9	24	1	-0.0380884
5	10	24	1	-0.0380884
5	11	24	1	-0.0380884
5	12	24	1	-0.0380884
5	13	24	1	-0.0380884
5	14	24	1	-0.0380904
5	15	24	1	-0.0381189
5	16	24	1	-0.0363071
5	17	24	1	-0.0313007
5	18	24	1	-0.0386522
5	1	37	1	0.0494098
5	2	37	1	0.0274099
5	3	37	1	0.00845462
5	4	37	1	0.0017541
5	5	37	1	0.00198826
5	6	37	1	0.00223317
5	7	37	1	0.00201477
5	8	37	1	0.00201477
5	9	37	1	0.00201477
5	10	37	1	0.00201477
5	11	37	1	0.00202133
5	12	37	1	0.00222993
5	13	37	1	0.00187972
5	14	37	1	0.00393303
5	15	37	1	0.0381025
5	16	37	1	0.0661009
5	17	37	1	0.0744749
5	18	37	1	0.0672386
5	1	38	1	179.271
5	2	38	1	178.473
5	3	38	1	177.955
5	4	38	1	177.786
5	5	38	1	177.713
5	6	38	1	177.903
5	7	38	1	177.981
5	8	38	1	177.872
5	9	38	1	177.928
5	10	38	1	178.084
5	11	38	1	178.126
5	12	38	1	178.319
5	13	38	1	178.399
5	14	38	1	178.338
5	15	38	1	178.494
5	16	38	1	178.83
5	17	38	1	179.161
5	18	38	1	179.541
5	1	39	1	0.119174
5	1	39	2	0.258451
5	1	39	3	0.307089
5	1	39	4	0.368854
5	1	39	5	0.461239
5	1	39	6	0.4744
5	1	39	7	0.459043
5	1	39	8	0.44114
5	1	39	9	0.348117
5	1	39	10	0.314687
5	1	39	11	0.366475
5	1	39	12	0.363585
5	1	39	13	0.329524
5	1	39	14	0.282273
5	1	39	15	0.140079
5	1	39	16	0.0332144
5	1	39	17	0.0281715
5	1	39	18	0.033838
5	1	39	19	-0.510682
5	1	39	20	-0.516334
5	1	39	21	-0.526269
5	1	39	22	-0.53839
5	1	39	23	-0.540152
5	1	39	24	-0.540147
5	1	39	25	-0.540153
5	1	39	26	-0.540172
5	1	39	27	-0.539437
5	1	39	28	-0.535763
5	1	39	29	-0.529765
5	1	39	30	-0.521073
5	1	39	31	-0.513355
5	1	39	32	-0.508127
5	1	39	33	-0.503503
5	1	39	34	-0.502443
5	1	39	35	-0.505073
5	1	39	36	-0.507976
5	2	39	1	0.185266
5	2	39	2	0.32342
5	2	39	3	0.39287
5	2	39	4	0.483991
5	2	39	5	0.603011
5	2	39	6	0.636174
5	2	39	7	0.633781
5	2	39	8	0.619871
5	2	39	9	0.530669
5	2	39	10	0.500421
5	2	39	11	0.553275
5	2	39	12	0.550615
5	2	39	13	0.517303
5	2	39	14	0.463561
5	2	39	15	0.30921
5	2	39	16	0.183039
5	2	39	17	0.150255
5	2	39	18	0.123671
5	2	39	19	-0.379536
5	2	39	20	-0.375906
5	2	39	21	-0.37219
5	2	39	22	-0.370784
5	2	39	23	-0.370769
5	2	39	24	-0.370766
5	2	39	25	-0.370772
5	2	39	26	-0.370791
5	2	39	27	-0.370056
5	2	39	28	-0.366381
5	2	39	29	-0.360381
5	2	39	30	-0.355942
5	2	39	31	-0.36518
5	2	39	32	-0.374943
5	2	39	33	-0.378616
5	2	39	34	-0.380344
5	2	39	35	-0.382336
5	2	39	36	-0.382353
5	3	39	1	0.222835
5	3	39	2	0.357696
5	3	39	3	0.438108
5	3	39	4	0.546593
5	3	39	5	0.682191
5	3	39	6	0.727941
5	3	39	7	0.72945
5	3	39	8	0.721562
5	3	39	9	0.638638
5	3	39	10	0.611838
5	3	39	11	0.664943
5	3	39	12	0.661081
5	3	39	13	0.627616
5	3	39	14	0.573563
5	3	39	15	0.412851
5	3	39	16	0.275703
5	3	39	17	0.225937
5	3	39	18	0.178247
5	3	39	19	-0.261531
5	3	39	20	-0.246374
5	3	39	21	-0.231279
5	3	39	22	-0.228995
5	3	39	23	-0.228982
5	3	39	24	-0.228979
5	3	39	25	-0.228985
5	3	39	26	-0.229004
5	3	39	27	-0.22827
5	3	39	28	-0.224594
5	3	39	29	-0.218594
5	3	39	30	-0.214153
5	3	39	31	-0.224418
5	3	39	32	-0.246271
5	3	39	33	-0.26274
5	3	39	34	-0.27113
5	3	39	35	-0.274519
5	3	39	36	-0.271544
5	4	39	1	0.294074
5	4	39	2	0.423855
5	4	39	3	0.508653
5	4	39	4	0.626457
5	4	39	5	0.771693
5	4	39	6	0.822089
5	4	39	7	0.828407
5	4	39	8	0.827351
5	4	39	9	0.749711
5	4	39	10	0.725245
5	4	39	11	0.778454
5	4	39	12	0.774171
5	4	39	13	0.741095
5	4	39	14	0.688302
5	4	39	15	0.525719
5	4	39	16	0.383725
5	4	39	17	0.324367
5	4	39	18	0.262645
5	4	39	19	-0.173928
5	4	39	20	-0.15156
5	4	39	21	-0.136005
5	4	39	22	-0.133722
5	4	39	23	-0.133709
5	4	39	24	-0.133706
5	4	39	25	-0.133712
5	4	39	26	-0.133731
5	4	39	27	-0.132997
5	4	39	28	-0.129322
5	4	39	29	-0.123321
5	4	39	30	-0.11888
5	4	39	31	-0.129144
5	4	39	32	-0.151059
5	4	39	33	-0.173611
5	4	39	34	-0.189689
5	4	39	35	-0.195703
5	4	39	36	-0.19053
5	5	39	1	0.296637
5	5	39	2	0.418951
5	5	39	3	0.502897
5	5	39	4	0.624099
5	5	39	5	0.773912
5	5	39	6	0.826249
5	5	39	7	0.836812
5	5	39	8	0.840019
5	5	39	9	0.765122
5	5	39	10	0.742138
5	5	39	11	0.796838
5	5	39	12	0.794963
5	5	39	13	0.764717
5	5	39	14	0.713541
5	5	39	15	0.553186
5	5	39	16	0.41156
5	5	39	17	0.348199
5	5	39	18	0.276882
5	5	39	19	-0.128456
5	5	39	20	-0.105999
5	5	39	21	-0.0904451
5	5	39	22	-0.088163
5	5	39	23	-0.0881499
5	5	39	24	-0.0881469
5	5	39	25	-0.0881533
5	5	39	26	-0.0881722
5	5	39	27	-0.0874376
5	5	39	28	-0.0837624
5	5	39	29	-0.0777619
5	5	39	30	-0.0733208
5	5	39	31	-0.0835841
5	5	39	32	-0.105499
5	5	39	33	-0.12805
5	5	39	34	-0.145697
5	5	39	35	-0.153678
5	5	39	36	-0.147384
5	6	39	1	0.495451
5	6	39	2	0.606689
5	6	39	3	0.684613
5	6	39	4	0.804093
5	6	39	5	0.954364
5	6	39	6	1.00818
5	6	39	7	1.02034
5	6	39	8	1.02445
5	6	39	9	0.950256
5	6	39	10	0.929149
5	6	39	11	0.987937
5	6	39	12	0.991772
5	6	39	13	0.966259
5	6	39	14	0.917978
5	6	39	15	0.764375
5	6	39	16	0.628497
5	6	39	17	0.566113
5	6	39	18	0.487962
5	6	39	19	-0.0233598
5	6	39	20	-0.000903275
5	6	39	21	0.0146504
5	6	39	22	0.0169324
5	6	39	23	0.0169456
5	6	39	24	0.0169485
5	6	39	25	0.0169422
5	6	39	26	0.0169233
5	6	39	27	0.0176578
5	6	39	28	0.021333
5	6	39	29	0.0273335
5	6	39	30	0.0317746
5	6	39	31	0.0215114
5	6	39	32	-0.000403177
5	6	39	33	-0.0229538
5	6	39	34	-0.0406005
5	6	39	35	-0.0485816
5	6	39	36	-0.0422871
5	7	39	1	0.563945
5	7	39	2	0.658496
5	7	39	3	0.724175
5	7	39	4	0.836535
5	7	39	5	0.983217
5	7	39	6	1.03812
5	7	39	7	1.04992
5	7	39	8	1.05296
5	7	39	9	0.978929
5	7	39	10	0.960971
5	7	39	11	1.02599
5	7	39	12	1.03677
5	7	39	13	1.01478
5	7	39	14	0.975112
5	7	39	15	0.834124
5	7	39	16	0.710703
5	7	39	17	0.654787
5	7	39	18	0.571511
5	7	39	19	0.0477848
5	7	39	20	0.0702413
5	7	39	21	0.0857951
5	7	39	22	0.0880774
5	7	39	23	0.0880905
5	7	39	24	0.0880934
5	7	39	25	0.0880871
5	7	39	26	0.0880682
5	7	39	27	0.0888027
5	7	39	28	0.0924779
5	7	39	29	0.0984785
5	7	39	30	0.10292
5	7	39	31	0.0926562
5	7	39	32	0.0707414
5	7	39	33	0.0481907
5	7	39	34	0.0305439
5	7	39	35	0.0225629
5	7	39	36	0.0288574
5	8	39	1	0.645427
5	8	39	2	0.714477
5	8	39	3	0.759317
5	8	39	4	0.857761
5	8	39	5	0.996015
5	8	39	6	1.04903
5	8	39	7	1.06114
5	8	39	8	1.06334
5	8	39	9	0.990085
5	8	39	10	0.975934
5	8	39	11	1.04668
5	8	39	12	1.06137
5	8	39	13	1.04752
5	8	39	14	1.02405
5	8	39	15	0.904019
5	8	39	16	0.802641
5	8	39	17	0.760666
5	8	39	18	0.67354
5	8	39	19	0.136046
5	8	39	20	0.158503
5	8	39	21	0.174057
5	8	39	22	0.17634
5	8	39	23	0.176353
5	8	39	24	0.176356
5	8	39	25	0.17635
5	8	39	26	0.176331
5	8	39	27	0.177065
5	8	39	28	0.180741
5	8	39	29	0.186741
5	8	39	30	0.191182
5	8	39	31	0.180918
5	8	39	32	0.159003
5	8	39	33	0.136451
5	8	39	34	0.119097
5	8	39	35	0.111663
5	8	39	36	0.117495
5	9	39	1	0.710706
5	9	39	2	0.740595
5	9	39	3	0.751848
5	9	39	4	0.826772
5	9	39	5	0.950044
5	9	39	6	0.994115
5	9	39	7	1.00475
5	9	39	8	1.00806
5	9	39	9	0.936178
5	9	39	10	0.924362
5	9	39	11	0.997781
5	9	39	12	1.02088
5	9	39	13	1.02368
5	9	39	14	1.02476
5	9	39	15	0.937754
5	9	39	16	0.872976
5	9	39	17	0.85683
5	9	39	18	0.768065
5	9	39	19	0.224641
5	9	39	20	0.243609
5	9	39	21	0.258819
5	9	39	22	0.261103
5	9	39	23	0.261117
5	9	39	24	0.261121
5	9	39	25	0.261114
5	9	39	26	0.261095
5	9	39	27	0.26183
5	9	39	28	0.265505
5	9	39	29	0.271505
5	9	39	30	0.275945
5	9	39	31	0.26568
5	9	39	32	0.244664
5	9	39	33	0.226148
5	9	39	34	0.212604
5	9	39	35	0.206009
5	9	39	36	0.210107
5	10	39	1	0.869293
5	10	39	2	0.840208
5	10	39	3	0.798935
5	10	39	4	0.836167
5	10	39	5	0.934924
5	10	39	6	0.963897
5	10	39	7	0.965884
5	10	39	8	0.965687
5	10	39	9	0.893958
5	10	39	10	0.885077
5	10	39	11	0.966466
5	10	39	12	1.0036
5	10	39	13	1.02901
5	10	39	14	1.06471
5	10	39	15	1.02658
5	10	39	16	1.01978
5	10	39	17	1.0498
5	10	39	18	0.966565
5	10	39	19	0.302618
5	10	39	20	0.314729
5	10	39	21	0.322104
5	10	39	22	0.3207
5	10	39	23	0.320569
5	10	39	24	0.320573
5	10	39	25	0.320567
5	10	39	26	0.320549
5	10	39	27	0.321283
5	10	39	28	0.324957
5	10	39	29	0.330956
5	10	39	30	0.33757
5	10	39	31	0.334275
5	10	39	32	0.322382
5	10	39	33	0.309697
5	10	39	34	0.298494
5	10	39	35	0.291431
5	10	39	36	0.292823
5	11	39	1	1.0253
5	11	39	2	0.914026
5	11	39	3	0.794681
5	11	39	4	0.774282
5	11	39	5	0.834926
5	11	39	6	0.839989
5	11	39	7	0.827726
5	11	39	8	0.820054
5	11	39	9	0.746135
5	11	39	10	0.73995
5	11	39	11	0.82953
5	11	39	12	0.882153
5	11	39	13	0.933719
5	11	39	14	1.01149
5	11	39	15	1.03692
5	11	39	16	1.11356
5	11	39	17	1.22259
5	11	39	18	1.167
5	11	39	19	0.344817
5	11	39	20	0.350894
5	11	39	21	0.350831
5	11	39	22	0.341047
5	11	39	23	0.333643
5	11	39	24	0.330187
5	11	39	25	0.329086
5	11	39	26	0.329149
5	11	39	27	0.331265
5	11	39	28	0.338957
5	11	39	29	0.353144
5	11	39	30	0.370373
5	11	39	31	0.37608
5	11	39	32	0.370334
5	11	39	33	0.36068
5	11	39	34	0.349874
5	11	39	35	0.341253
5	11	39	36	0.339557
5	12	39	1	1.40882
5	12	39	2	1.20497
5	12	39	3	0.983167
5	12	39	4	0.882564
5	12	39	5	0.888689
5	12	39	6	0.858815
5	12	39	7	0.824912
5	12	39	8	0.804585
5	12	39	9	0.724506
5	12	39	10	0.717545
5	12	39	11	0.811768
5	12	39	12	0.875739
5	12	39	13	0.948438
5	12	39	14	1.063
5	12	39	15	1.15026
5	12	39	16	1.32233
5	12	39	17	1.54795
5	12	39	18	1.57045
5	12	39	19	0.420197
5	12	39	20	0.421768
5	12	39	21	0.416124
5	12	39	22	0.40026
5	12	39	23	0.387162
5	12	39	24	0.379405
5	12	39	25	0.376333
5	12	39	26	0.377392
5	12	39	27	0.383565
5	12	39	28	0.397773
5	12	39	29	0.419676
5	12	39	30	0.444224
5	12	39	31	0.45546
5	12	39	32	0.452774
5	12	39	33	0.443923
5	12	39	34	0.432431
5	12	39	35	0.422217
5	12	39	36	0.418223
5	13	39	1	1.58831
5	13	39	2	1.3426
5	13	39	3	1.02191
5	13	39	4	0.831515
5	13	39	5	0.772706
5	13	39	6	0.699764
5	13	39	7	0.638083
5	13	39	8	0.599979
5	13	39	9	0.508671
5	13	39	10	0.494962
5	13	39	11	0.585821
5	13	39	12	0.649521
5	13	39	13	0.725862
5	13	39	14	0.851199
5	13	39	15	0.965231
5	13	39	16	1.1988
5	13	39	17	1.5402
5	13	39	18	1.6658
5	13	39	19	0.353642
5	13	39	20	0.352146
5	13	39	21	0.342637
5	13	39	22	0.322337
5	13	39	23	0.305169
5	13	39	24	0.294554
5	13	39	25	0.290434
5	13	39	26	0.292552
5	13	39	27	0.301825
5	13	39	28	0.320668
5	13	39	29	0.347786
5	13	39	30	0.376918
5	13	39	31	0.391164
5	13	39	32	0.39162
5	13	39	33	0.385989
5	13	39	34	0.375816
5	13	39	35	0.363877
5	13	39	36	0.355852
5	14	39	1	1.50072
5	14	39	2	1.35517
5	14	39	3	1.00305
5	14	39	4	0.754722
5	14	39	5	0.645096
5	14	39	6	0.535507
5	14	39	7	0.448721
5	14	39	8	0.393053
5	14	39	9	0.288496
5	14	39	10	0.263444
5	14	39	11	0.342856
5	14	39	12	0.392998
5	14	39	13	0.451455
5	14	39	14	0.552776
5	14	39	15	0.638574
5	14	39	16	0.854744
5	14	39	17	1.22926
5	14	39	18	1.46219
5	14	39	19	0.150714
5	14	39	20	0.14333
5	14	39	21	0.130463
5	14	39	22	0.106596
5	14	39	23	0.0860964
5	14	39	24	0.0731087
5	14	39	25	0.06791
5	14	39	26	0.0703252
5	14	39	27	0.0812242
5	14	39	28	0.102814
5	14	39	29	0.133285
5	14	39	30	0.165557
5	14	39	31	0.184861
5	14	39	32	0.191699
5	14	39	33	0.191432
5	14	39	34	0.183964
5	14	39	35	0.171106
5	14	39	36	0.158911
5	15	39	1	1.17774
5	15	39	2	1.12594
5	15	39	3	0.848173
5	15	39	4	0.617732
5	15	39	5	0.503756
5	15	39	6	0.385106
5	15	39	7	0.289588
5	15	39	8	0.225854
5	15	39	9	0.112943
5	15	39	10	0.0779022
5	15	39	11	0.143953
5	15	39	12	0.174893
5	15	39	13	0.204644
5	15	39	14	0.26268
5	15	39	15	0.285685
5	15	39	16	0.422233
5	15	39	17	0.728576
5	15	39	18	1.01947
5	15	39	19	-0.101614
5	15	39	20	-0.11374
5	15	39	21	-0.130502
5	15	39	22	-0.157688
5	15	39	23	-0.181061
5	15	39	24	-0.196057
5	15	39	25	-0.202475
5	15	39	26	-0.200687
5	15	39	27	-0.189788
5	15	39	28	-0.167283
5	15	39	29	-0.134757
5	15	39	30	-0.09952
5	15	39	31	-0.0760464
5	15	39	32	-0.0639603
5	15	39	33	-0.0589203
5	15	39	34	-0.0626533
5	15	39	35	-0.074715
5	15	39	36	-0.0891835
5	16	39	1	0.748027
5	16	39	2	0.807496
5	16	39	3	0.652828
5	16	39	4	0.503574
5	16	39	5	0.434619
5	16	39	6	0.33984
5	16	39	7	0.256603
5	16	39	8	0.198206
5	16	39	9	0.0856262
5	16	39	10	0.0463634
5	16	39	11	0.10302
5	16	39	12	0.117666
5	16	39	13	0.121023
5	16	39	14	0.137416
5	16	39	15	0.0966597
5	16	39	16	0.142601
5	16	39	17	0.342253
5	16	39	18	0.557816
5	16	39	19	-0.309323
5	16	39	20	-0.322737
5	16	39	21	-0.341726
5	16	39	22	-0.371607
5	16	39	23	-0.396536
5	16	39	24	-0.412178
5	16	39	25	-0.419155
5	16	39	26	-0.418579
5	16	39	27	-0.409561
5	16	39	28	-0.388732
5	16	39	29	-0.356387
5	16	39	30	-0.319053
5	16	39	31	-0.294549
5	16	39	32	-0.280735
5	16	39	33	-0.272783
5	16	39	34	-0.273211
5	16	39	35	-0.282785
5	16	39	36	-0.296353
5	17	39	1	0.276249
5	17	39	2	0.392448
5	17	39	3	0.339517
5	17	39	4	0.282342
5	17	39	5	0.277548
5	17	39	6	0.222984
5	17	39	7	0.163798
5	17	39	8	0.118995
5	17	39	9	0.012845
5	17	39	10	-0.0255982
5	17	39	11	0.0265678
5	17	39	12	0.0305951
5	17	39	13	0.0151029
5	17	39	14	0.000631571
5	17	39	15	-0.0886592
5	17	39	16	-0.114775
5	17	39	17	-0.00896937
5	17	39	18	0.117003
5	17	39	19	-0.520753
5	17	39	20	-0.531974
5	17	39	21	-0.552401
5	17	39	22	-0.582293
5	17	39	23	-0.605235
5	17	39	24	-0.618085
5	17	39	25	-0.623332
5	17	39	26	-0.623668
5	17	39	27	-0.618555
5	17	39	28	-0.603358
5	17	39	29	-0.575955
5	17	39	30	-0.540467
5	17	39	31	-0.514838
5	17	39	32	-0.502637
5	17	39	33	-0.495316
5	17	39	34	-0.494364
5	17	39	35	-0.500967
5	17	39	36	-0.510991
5	18	39	1	0.159503
5	18	39	2	0.294757
5	18	39	3	0.306218
5	18	39	4	0.320584
5	18	39	5	0.372328
5	18	39	6	0.356232
5	18	39	7	0.32148
5	18	39	8	0.29144
5	18	39	9	0.19337
5	18	39	10	0.157978
5	18	39	11	0.208787
5	18	39	12	0.206777
5	18	39	13	0.179345
5	18	39	14	0.144599
5	18	39	15	0.0228316
5	18	39	16	-0.0525356
5	18	39	17	-0.0136929
5	18	39	18	0.0410488
5	18	39	19	-0.573072
5	18	39	20	-0.583192
5	18	39	21	-0.601462
5	18	39	22	-0.625871
5	18	39	23	-0.640807
5	18	39	24	-0.645314
5	18	39	25	-0.645418
5	18	39	26	-0.645437
5	18	39	27	-0.644703
5	18	39	28	-0.639482
5	18	39	29	-0.623749
5	18	39	30	-0.597711
5	18	39	31	-0.576474
5	18	39	32	-0.56415
5	18	39	33	-0.558262
5	18	39	34	-0.558044
5	18	39	35	-0.562426
5	18	39	36	-0.568029
8	1	24	1	-0.553247
8	1	37	1	-0.25571
8	1	38	1	145.737
8	1	39	1	-0.132332
8	1	39	2	-0.165936
8	1	39	3	-0.188321
8	1	39	4	-0.19406
8	1	39	5	-0.179352
8	1	39	6	-0.141415
8	1	39	7	-0.100352
8	1	39	8	-0.0862306
8	1	39	9	-0.0862158
8	1	39	10	-0.0862121
8	1	39	11	-0.0862121
8	1	39	12	-0.0862121
8	1	39	13	-0.0862121
8	1	39	14	-0.0862121
8	1	39	15	-0.0862121
8	1	39	16	-0.0862149
8	1	39	17	-0.0862288
8	1	39	18	-0.0969342
8	1	39	19	-0.129113
8	1	39	20	-0.129113
8	1	39	21	-0.129113
8	1	39	22	-0.129113
8	1	39	23	-0.129113
8	1	39	24	-0.129113
8	1	39	25	-0.129113
8	1	39	26	-0.129113
8	1	39	27	-0.129113
8	1	39	28	-0.129113
8	1	39	29	-0.129113
8	1	39	30	-0.129113
8	1	39	31	-0.129113
8	1	39	32	-0.129114
8	1	39	33	-0.129125
8	1	39	34	-0.129131
8	1	39	35	-0.129124
8	1	39	36	-0.129114
24	1	37	1	17.7734
24	1	38	1	51.3469
24	1	39	1	0.201302
24	1	39	2	0.201302
24	1	39	3	0.201302
24	1	39	4	0.201302
24	1	39	5	0.201302
24	1	39	6	0.201302
24	1	39	7	0.201302
24	1	39	8	0.201302
24	1	39	9	0.201302
24	1	39	10	0.201302
24	1	39	11	0.201302
24	1	39	12	0.201302
24	1	39	13	0.201302
24	1	39	14	0.201302
24	1	39	15	0.201302
24	1	39	16	0.201302
24	1	39	17	0.201302
24	1	39	18	0.201302
24	1	39	19	0.201302
24	1	39	20	0.201302
24	1	39	21	0.201302
24	1	39	22	0.201302
24	1	39	23	0.201302
24	1	39	24	0.201302
24	1	39	25	0.201302
24	1	39	26	0.201302
24	1	39	27	0.201302
24	1	39	28	0.201302
24	1	39	29	0.201302
24	1	39	30	0.201302
24	1	39	31	0.201302
24	1	39	32	0.201302
24	1	39	33	0.201302
24	1	39	34	0.201302
24	1	39	35	0.201302
24	1	39	36	0.201302
37	1	38	1	1.02945
37	1	39	1	0.139896
37	1	39	2	0.150517
37	1	39	3	0.145069
37	1	39	4	0.116664
37	1	39	5	0.0894222
37	1	39	6	0.0815568
37	1	39	7	0.112575
37	1	39	8	0.139082
37	1	39	9	0.140221
37	1	39	10	0.140306
37	1	39	11	0.140306
37	1	39	12	0.140306
37	1	39	13	0.140306
37	1	39	14	0.140306
37	1	39	15	0.140306
37	1	39	16	0.140306
37	1	39	17	0.140306
37	1	39	18	0.140237
37	1	39	19	0.303677
37	1	39	20	0.249118
37	1	39	21	0.304537
37	1	39	22	0.367589
37	1	39	23	0.428931
37	1	39	24	0.464727
37	1	39	25	0.420221
37	1	39	26	0.366358
37	1	39	27	0.395323
37	1	39	28	0.39252
37	1	39	29	0.371924
37	1	39	30	0.377846
37	1	39	31	0.362913
37	1	39	32	0.313804
37	1	39	33	0.32419
37	1	39	34	0.335752
37	1	39	35	0.34883
37	1	39	36	0.352412
38	1	39	1	1.35548
38	1	39	2	1.4717
38	1	39	3	1.53726
38	1	39	4	1.52476
38	1	39	5	1.44706
38	1	39	6	1.3769
38	1	39	7	1.35482
38	1	39	8	1.29374
38	1	39	9	1.21072
38	1	39	10	1.14878
38	1	39	11	1.09351
38	1	39	12	1.08589
38	1	39	13	1.15606
38	1	39	14	1.19845
38	1	39	15	1.19394
38	1	39	16	1.17622
38	1	39	17	1.17814
38	1	39	18	1.22826
38	1	39	19	0.916775
38	1	39	20	0.864903
38	1	39	21	0.811195
38	1	39	22	0.803241
38	1	39	23	0.801583
38	1	39	24	0.769979
38	1	39	25	0.67226
38	1	39	26	0.648205
38	1	39	27	0.65959
38	1	39	28	0.739706
38	1	39	29	0.822104
38	1	39	30	0.884583
38	1	39	31	0.90157
38	1	39	32	0.955828
38	1	39	33	1.00294
38	1	39	34	1.05663
38	1	39	35	1.06031
38	1	39	36	1.01814
[END TWOBODY SEQPOS1/ROTINDEX1/SEQPOS2/ROTINDEX2/ENERGY]
