[BEGIN ONEBODY SEQPOS/ROTINDEX/ENERGY]
14	1	-1.54242
14	2	-1.76798
14	3	-1.41517
14	4	0.354781
14	5	0.272409
14	6	0.424605
15	1	-2.37269
15	2	-1.38148
15	3	-1.22478
15	4	0.00357395
15	5	0.0548053
15	6	0.123861
18	1	2.56492
18	2	2.4475
18	3	1.2068
27	1	38.486
28	1	-0.10054
28	2	1.13771
28	3	1.19367
29	1	-0.483912
29	2	0.636222
29	3	0.622237
29	4	2.01406
29	5	1.88833
29	6	2.03836
34	1	-2.05074
34	2	-2.11893
34	3	-2.07857
34	4	-1.65087
34	5	-1.57077
34	6	-1.49363
[END ONEBODY SEQPOS/ROTINDEX/ENERGY]
[BEGIN TWOBODY SEQPOS1/ROTINDEX1/SEQPOS2/ROTINDEX2/ENERGY]
14	1	15	1	0.724196
14	1	15	2	0.560067
14	1	15	3	0.495815
14	1	15	4	0.869203
14	1	15	5	0.866937
14	1	15	6	0.86131
14	2	15	1	0.69522
14	2	15	2	0.53109
14	2	15	3	0.466839
14	2	15	4	0.840226
14	2	15	5	0.837961
14	2	15	6	0.832334
14	3	15	1	0.710531
14	3	15	2	0.546402
14	3	15	3	0.48215
14	3	15	4	0.855538
14	3	15	5	0.853272
14	3	15	6	0.847645
14	4	15	1	0.667382
14	4	15	2	0.528148
14	4	15	3	0.461028
14	4	15	4	0.836771
14	4	15	5	0.834506
14	4	15	6	0.828879
14	5	15	1	0.607628
14	5	15	2	0.4538
14	5	15	3	0.366376
14	5	15	4	0.763733
14	5	15	5	0.761467
14	5	15	6	0.75584
14	6	15	1	0.705482
14	6	15	2	0.562147
14	6	15	3	0.495026
14	6	15	4	0.87077
14	6	15	5	0.868504
14	6	15	6	0.862877
14	1	18	1	-2.97874
14	1	18	2	-1.91539
14	1	18	3	-1.92593
14	2	18	1	-2.97304
14	2	18	2	-1.91539
14	2	18	3	-1.92593
14	3	18	1	-2.97874
14	3	18	2	-1.91539
14	3	18	3	-1.92593
14	4	18	1	-3.58892
14	4	18	2	-2.41547
14	4	18	3	-2.49176
14	5	18	1	-3.56618
14	5	18	2	-2.51177
14	5	18	3	-2.49014
14	6	18	1	-3.621
14	6	18	2	-2.38735
14	6	18	3	-2.46042
14	1	27	1	-0.000267153
14	2	27	1	-0.000267153
14	3	27	1	-0.000267153
14	4	27	1	-0.0399565
14	5	27	1	-0.00901545
14	6	27	1	-0.059603
14	1	28	1	-0.893515
14	1	28	2	-0.728518
14	1	28	3	-1.81708
14	2	28	1	-0.908962
14	2	28	2	-0.690634
14	2	28	3	-1.83178
14	3	28	1	-0.879569
14	3	28	2	-0.657695
14	3	28	3	-1.80314
14	4	28	1	26.4475
14	4	28	2	79.8459
14	4	28	3	25.4746
14	5	28	1	47.2492
14	5	28	2	100.995
14	5	28	3	46.4327
14	6	28	1	26.4999
14	6	28	2	79.9719
14	6	28	3	25.49
14	1	29	1	0
14	1	29	2	0
14	1	29	3	0
14	1	29	4	0
14	1	29	5	0
14	1	29	6	0
14	2	29	1	0
14	2	29	2	0
14	2	29	3	0
14	2	29	4	0
14	2	29	5	0
14	2	29	6	0
14	3	29	1	0
14	3	29	2	0
14	3	29	3	0
14	3	29	4	0
14	3	29	5	0
14	3	29	6	0
14	4	29	1	-0.00018047
14	4	29	2	-0.00018047
14	4	29	3	-0.00018047
14	4	29	4	-0.00018047
14	4	29	5	-0.00018047
14	4	29	6	-0.00018047
14	5	29	1	-0.00564397
14	5	29	2	-0.00564397
14	5	29	3	-0.00564397
14	5	29	4	-0.00564397
14	5	29	5	-0.00564397
14	5	29	6	-0.00564397
14	6	29	1	-0.000185185
14	6	29	2	-0.000185185
14	6	29	3	-0.000185185
14	6	29	4	-0.000185185
14	6	29	5	-0.000185185
14	6	29	6	-0.000185185
14	1	34	1	-0.502979
14	1	34	2	-0.480845
14	1	34	3	-0.551067
14	1	34	4	-1.16726
14	1	34	5	-1.20867
14	1	34	6	-1.35802
14	2	34	1	-0.480845
14	2	34	2	-0.45871
14	2	34	3	-0.512677
14	2	34	4	-1.26612
14	2	34	5	-1.26426
14	2	34	6	-1.35692
14	3	34	1	-0.551067
14	3	34	2	-0.512677
14	3	34	3	-0.41187
14	3	34	4	-1.29001
14	3	34	5	-1.32455
14	3	34	6	-1.14629
14	4	34	1	-1.16726
14	4	34	2	-1.26612
14	4	34	3	-1.29001
14	4	34	4	104.978
14	4	34	5	105.269
14	4	34	6	105.256
14	5	34	1	-1.20867
14	5	34	2	-1.26426
14	5	34	3	-1.32455
14	5	34	4	105.269
14	5	34	5	105.359
14	5	34	6	105.329
14	6	34	1	-1.35802
14	6	34	2	-1.35692
14	6	34	3	-1.14629
14	6	34	4	105.256
14	6	34	5	105.329
14	6	34	6	105.725
15	1	18	1	-1.57481
15	1	18	2	-1.47347
15	1	18	3	-1.48513
15	2	18	1	-1.56513
15	2	18	2	-1.46379
15	2	18	3	-1.46228
15	3	18	1	-1.57481
15	3	18	2	-1.47347
15	3	18	3	-1.48513
15	4	18	1	-1.58712
15	4	18	2	-1.48578
15	4	18	3	-1.49273
15	5	18	1	-1.59349
15	5	18	2	-1.49214
15	5	18	3	-1.50375
15	6	18	1	-1.60906
15	6	18	2	-1.50771
15	6	18	3	-1.51932
15	1	27	1	0
15	2	27	1	-9.61327e-05
15	3	27	1	0
15	4	27	1	0
15	5	27	1	0
15	6	27	1	0
15	1	28	1	-1.89729
15	1	28	2	-1.98967
15	1	28	3	-2.02247
15	2	28	1	-1.58708
15	2	28	2	-1.69026
15	2	28	3	-1.69493
15	3	28	1	-1.84236
15	3	28	2	-1.95357
15	3	28	3	-1.98242
15	4	28	1	-0.721015
15	4	28	2	-0.829517
15	4	28	3	-0.820184
15	5	28	1	-0.847594
15	5	28	2	-0.956096
15	5	28	3	-0.966954
15	6	28	1	-0.848729
15	6	28	2	-0.95723
15	6	28	3	-0.968089
15	1	29	1	-1.07837
15	1	29	2	-1.13182
15	1	29	3	-1.0364
15	1	29	4	-0.72003
15	1	29	5	-0.696289
15	1	29	6	-0.696289
15	2	29	1	-1.11921
15	2	29	2	-1.19673
15	2	29	3	-1.2106
15	2	29	4	-0.700824
15	2	29	5	-0.707007
15	2	29	6	-0.707007
15	3	29	1	-1.03729
15	3	29	2	-1.03034
15	3	29	3	-1.01457
15	3	29	4	-0.613983
15	3	29	5	-0.625513
15	3	29	6	-0.625513
15	4	29	1	-0.636083
15	4	29	2	-0.718182
15	4	29	3	-0.718849
15	4	29	4	-0.132878
15	4	29	5	-0.144278
15	4	29	6	-0.144278
15	5	29	1	-0.606881
15	5	29	2	-0.658024
15	5	29	3	-0.560433
15	5	29	4	-0.161145
15	5	29	5	-0.15958
15	5	29	6	-0.15958
15	6	29	1	-0.61704
15	6	29	2	-0.606952
15	6	29	3	-0.58983
15	6	29	4	-0.123692
15	6	29	5	-0.138497
15	6	29	6	-0.138497
15	1	34	1	0
15	1	34	2	0
15	1	34	3	0
15	1	34	4	-1.13126e-09
15	1	34	5	0
15	1	34	6	-3.76169e-05
15	2	34	1	0
15	2	34	2	0
15	2	34	3	0
15	2	34	4	-1.13126e-09
15	2	34	5	0
15	2	34	6	-3.76169e-05
15	3	34	1	0
15	3	34	2	0
15	3	34	3	0
15	3	34	4	-1.13126e-09
15	3	34	5	0
15	3	34	6	-3.76169e-05
15	4	34	1	0
15	4	34	2	0
15	4	34	3	0
15	4	34	4	-1.13126e-09
15	4	34	5	0
15	4	34	6	-3.76169e-05
15	5	34	1	0
15	5	34	2	0
15	5	34	3	0
15	5	34	4	-1.13126e-09
15	5	34	5	0
15	5	34	6	-3.76169e-05
15	6	34	1	0
15	6	34	2	0
15	6	34	3	0
15	6	34	4	-1.13126e-09
15	6	34	5	0
15	6	34	6	-3.76169e-05
18	1	27	1	-0.029423
18	2	27	1	-0.0241678
18	3	27	1	0.0962544
18	1	28	1	285.563
18	1	28	2	285.961
18	1	28	3	290.384
18	2	28	1	285.961
18	2	28	2	286.2
18	2	28	3	290.264
18	3	28	1	290.384
18	3	28	2	290.264
18	3	28	3	294.623
18	1	29	1	0.000192144
18	1	29	2	-9.98861e-05
18	1	29	3	-9.98861e-05
18	1	29	4	-9.98861e-05
18	1	29	5	-9.98861e-05
18	1	29	6	-9.98861e-05
18	2	29	1	0.000192144
18	2	29	2	-9.98861e-05
18	2	29	3	-9.98861e-05
18	2	29	4	-9.98861e-05
18	2	29	5	-9.98861e-05
18	2	29	6	-9.98861e-05
18	3	29	1	0.040501
18	3	29	2	0.0364603
18	3	29	3	0.0364603
18	3	29	4	0.0364603
18	3	29	5	0.0364603
18	3	29	6	0.0364603
18	1	34	1	-0.000999741
18	1	34	2	-0.00142098
18	1	34	3	-0.000999741
18	1	34	4	-0.255728
18	1	34	5	-0.222316
18	1	34	6	-0.220958
18	2	34	1	-0.00098805
18	2	34	2	-0.00140925
18	2	34	3	-0.00098805
18	2	34	4	-0.246954
18	2	34	5	-0.203545
18	2	34	6	-0.200985
18	3	34	1	-0.00100938
18	3	34	2	0.0131769
18	3	34	3	-0.00100938
18	3	34	4	-0.22427
18	3	34	5	-0.22262
18	3	34	6	-0.219881
27	1	28	1	0.726119
27	1	28	2	0.561206
27	1	28	3	0.496242
27	1	29	1	0.0198798
27	1	29	2	0.0333576
27	1	29	3	0.0333576
27	1	29	4	0.0348796
27	1	29	5	0.0348796
27	1	29	6	0.0348796
27	1	34	1	-0.480816
27	1	34	2	-0.440521
27	1	34	3	-0.34329
27	1	34	4	-0.292033
27	1	34	5	-0.42734
27	1	34	6	-0.446609
28	1	29	1	0.720544
28	1	29	2	0.556536
28	1	29	3	0.493034
28	1	29	4	0.864634
28	1	29	5	0.862584
28	1	29	6	0.857074
28	2	29	1	0.691613
28	2	29	2	0.527604
28	2	29	3	0.464103
28	2	29	4	0.835703
28	2	29	5	0.833652
28	2	29	6	0.828143
28	3	29	1	0.706841
28	3	29	2	0.542832
28	3	29	3	0.479331
28	3	29	4	0.850931
28	3	29	5	0.84888
28	3	29	6	0.843371
28	1	34	1	-1.15098
28	1	34	2	-1.28651
28	1	34	3	-1.15374
28	1	34	4	-1.43737
28	1	34	5	-1.33802
28	1	34	6	-1.34425
28	2	34	1	-1.19356
28	2	34	2	-1.29759
28	2	34	3	-1.12929
28	2	34	4	-1.59746
28	2	34	5	-1.57094
28	2	34	6	-1.4613
28	3	34	1	-1.14277
28	3	34	2	-1.3548
28	3	34	3	-1.14922
28	3	34	4	-1.52256
28	3	34	5	-1.28568
28	3	34	6	-1.27975
29	1	34	1	-0.00126674
29	1	34	2	-0.033304
29	1	34	3	-0.0012717
29	1	34	4	-8.82085e-05
29	1	34	5	0
29	1	34	6	0
29	2	34	1	-0.00126674
29	2	34	2	-0.033304
29	2	34	3	-0.0012717
29	2	34	4	-8.82085e-05
29	2	34	5	0
29	2	34	6	0
29	3	34	1	-0.00126674
29	3	34	2	-0.033304
29	3	34	3	-0.0012717
29	3	34	4	-8.82085e-05
29	3	34	5	0
29	3	34	6	0
29	4	34	1	-0.00126674
29	4	34	2	-0.033304
29	4	34	3	-0.0012717
29	4	34	4	-8.82085e-05
29	4	34	5	0
29	4	34	6	0
29	5	34	1	-0.00126674
29	5	34	2	-0.033304
29	5	34	3	-0.0012717
29	5	34	4	-8.82085e-05
29	5	34	5	0
29	5	34	6	0
29	6	34	1	-0.00126674
29	6	34	2	-0.033304
29	6	34	3	-0.0012717
29	6	34	4	-8.82085e-05
29	6	34	5	0
29	6	34	6	0
[END TWOBODY SEQPOS1/ROTINDEX1/SEQPOS2/ROTINDEX2/ENERGY]
