[BEGIN ONEBODY SEQPOS/ROTINDEX/ENERGY]
14	1	1.37187
14	2	-0.416324
14	3	-1.4327
15	1	-2.13309
15	2	-1.58689
15	3	-2.62239
15	4	-1.0726
15	5	-1.23736
15	6	-0.360453
15	7	-0.163926
18	1	2.544
24	1	0.222511
24	2	-0.905604
25	1	-1.54676
25	2	0.221954
25	3	-1.53754
25	4	-0.320376
25	5	0.916609
25	6	1.31617
25	7	0.565528
27	1	64.2179
28	1	3.58933
28	2	3.36337
29	1	1.57151
29	2	1.93348
29	3	2.24573
29	4	2.64589
29	5	2.05973
29	6	1.71029
29	7	2.76877
29	8	2.83676
29	9	2.91008
29	10	3.39111
29	11	3.66281
29	12	3.16381
34	1	-3.86748
34	2	-3.52295
34	3	-2.82828
[END ONEBODY SEQPOS/ROTINDEX/ENERGY]
[BEGIN TWOBODY SEQPOS1/ROTINDEX1/SEQPOS2/ROTINDEX2/ENERGY]
14	1	15	1	0.508331
14	1	15	2	0.592038
14	1	15	3	0.517647
14	1	15	4	0.590467
14	1	15	5	0.582196
14	1	15	6	0.590834
14	1	15	7	0.552776
14	2	15	1	0.511728
14	2	15	2	0.595322
14	2	15	3	0.521006
14	2	15	4	0.593761
14	2	15	5	0.585477
14	2	15	6	0.594122
14	2	15	7	0.55607
14	3	15	1	0.531178
14	3	15	2	0.610088
14	3	15	3	0.539972
14	3	15	4	0.608529
14	3	15	5	0.600247
14	3	15	6	0.608881
14	3	15	7	0.570823
14	1	18	1	-1.47792
14	2	18	1	-1.34225
14	3	18	1	-1.34454
14	1	24	1	0.00386347
14	1	24	2	0.0038588
14	2	24	1	0.00389566
14	2	24	2	0.00389099
14	3	24	1	0.00389099
14	3	24	2	0.00388632
14	1	25	1	-0.00305467
14	1	25	2	-0.00305467
14	1	25	3	-0.00305467
14	1	25	4	-0.00305467
14	1	25	5	-0.00305467
14	1	25	6	-0.00305467
14	1	25	7	-0.00305467
14	2	25	1	-0.00305467
14	2	25	2	-0.00305467
14	2	25	3	-0.00305467
14	2	25	4	-0.00305467
14	2	25	5	-0.00305467
14	2	25	6	-0.00305467
14	2	25	7	-0.00305467
14	3	25	1	-0.00305467
14	3	25	2	-0.00305467
14	3	25	3	-0.00305467
14	3	25	4	-0.00305467
14	3	25	5	-0.00305467
14	3	25	6	-0.00305467
14	3	25	7	-0.00305467
14	1	27	1	-0.0646787
14	2	27	1	-0.000186896
14	3	27	1	-0.000445664
14	1	28	1	135.028
14	1	28	2	130.516
14	2	28	1	87.3769
14	2	28	2	115.761
14	3	28	1	86.8977
14	3	28	2	115.49
14	1	29	1	0
14	1	29	2	0
14	1	29	3	0
14	1	29	4	0
14	1	29	5	0
14	1	29	6	0
14	1	29	7	0
14	1	29	8	0
14	1	29	9	-0.0104235
14	1	29	10	0
14	1	29	11	0
14	1	29	12	0
14	2	29	1	0
14	2	29	2	0
14	2	29	3	0
14	2	29	4	0
14	2	29	5	0
14	2	29	6	0
14	2	29	7	0
14	2	29	8	0
14	2	29	9	-0.0104161
14	2	29	10	0
14	2	29	11	0
14	2	29	12	0
14	3	29	1	0
14	3	29	2	0
14	3	29	3	0
14	3	29	4	0
14	3	29	5	0
14	3	29	6	0
14	3	29	7	0
14	3	29	8	0
14	3	29	9	-0.0103927
14	3	29	10	0
14	3	29	11	0
14	3	29	12	0
14	1	34	1	977.259
14	1	34	2	399.793
14	1	34	3	556.689
14	2	34	1	399.793
14	2	34	2	67.7485
14	2	34	3	134.054
14	3	34	1	556.689
14	3	34	2	134.054
14	3	34	3	352.651
15	1	18	1	-1.28042
15	2	18	1	-1.2905
15	3	18	1	-1.27927
15	4	18	1	-1.29207
15	5	18	1	-1.29867
15	6	18	1	-1.29206
15	7	18	1	-1.39099
15	1	24	1	-0.00305467
15	1	24	2	-0.00305467
15	2	24	1	-0.00305467
15	2	24	2	-0.00305467
15	3	24	1	-0.00305467
15	3	24	2	-0.00305467
15	4	24	1	-0.00305467
15	4	24	2	-0.00305467
15	5	24	1	-0.00305467
15	5	24	2	-0.00305467
15	6	24	1	-0.00305467
15	6	24	2	-0.00305467
15	7	24	1	-0.00305467
15	7	24	2	-0.00305467
15	1	25	1	-0.261742
15	1	25	2	-0.226286
15	1	25	3	-0.247625
15	1	25	4	-0.283507
15	1	25	5	-0.205812
15	1	25	6	-0.23219
15	1	25	7	-1.38576
15	2	25	1	-0.226286
15	2	25	2	-0.212041
15	2	25	3	-0.212059
15	2	25	4	-0.272064
15	2	25	5	-0.203747
15	2	25	6	-0.239483
15	2	25	7	-1.42738
15	3	25	1	-0.247625
15	3	25	2	-0.212059
15	3	25	3	-0.233508
15	3	25	4	-0.269229
15	3	25	5	-0.191884
15	3	25	6	-0.218592
15	3	25	7	-0.967655
15	4	25	1	-0.283507
15	4	25	2	-0.272064
15	4	25	3	-0.269229
15	4	25	4	-0.33223
15	4	25	5	-0.264758
15	4	25	6	-0.300808
15	4	25	7	-1.67261
15	5	25	1	-0.205812
15	5	25	2	-0.203747
15	5	25	3	-0.191884
15	5	25	4	-0.264758
15	5	25	5	-0.188003
15	5	25	6	-0.253091
15	5	25	7	-0.906276
15	6	25	1	-0.23219
15	6	25	2	-0.239483
15	6	25	3	-0.218592
15	6	25	4	-0.300808
15	6	25	5	-0.253091
15	6	25	6	-0.605526
15	6	25	7	-0.698445
15	7	25	1	-1.38576
15	7	25	2	-1.42738
15	7	25	3	-0.967655
15	7	25	4	-1.67261
15	7	25	5	-0.906276
15	7	25	6	-0.698445
15	7	25	7	459.187
15	1	27	1	-5.14422e-05
15	2	27	1	0
15	3	27	1	-0.000324694
15	4	27	1	0
15	5	27	1	0
15	6	27	1	0
15	7	27	1	0
15	1	28	1	-1.18762
15	1	28	2	-1.19962
15	2	28	1	-0.563174
15	2	28	2	-0.577043
15	3	28	1	-1.1493
15	3	28	2	-1.15449
15	4	28	1	-0.907697
15	4	28	2	-0.921918
15	5	28	1	-0.56706
15	5	28	2	-0.580789
15	6	28	1	-0.56969
15	6	28	2	-0.583618
15	7	28	1	-1.37998
15	7	28	2	-1.39613
15	1	29	1	1.25317
15	1	29	2	235.644
15	1	29	3	-1.35195
15	1	29	4	10.0331
15	1	29	5	1.92411
15	1	29	6	4.63873
15	1	29	7	-1.8462
15	1	29	8	-1.29603
15	1	29	9	658.144
15	1	29	10	-1.39917
15	1	29	11	-0.0477345
15	1	29	12	249.365
15	2	29	1	-0.466953
15	2	29	2	0.696559
15	2	29	3	-0.187103
15	2	29	4	-1.27962
15	2	29	5	-0.713677
15	2	29	6	-0.485961
15	2	29	7	-0.291985
15	2	29	8	-0.179286
15	2	29	9	275.677
15	2	29	10	-0.19034
15	2	29	11	-0.57971
15	2	29	12	34.7155
15	3	29	1	-1.06906
15	3	29	2	3.25824
15	3	29	3	-0.839595
15	3	29	4	-1.9553
15	3	29	5	-1.0878
15	3	29	6	-1.08337
15	3	29	7	-0.905673
15	3	29	8	-0.83473
15	3	29	9	357.996
15	3	29	10	-0.850528
15	3	29	11	-1.38335
15	3	29	12	0.823458
15	4	29	1	5.24854
15	4	29	2	245.077
15	4	29	3	-1.24516
15	4	29	4	3.62886
15	4	29	5	6.78486
15	4	29	6	11.5429
15	4	29	7	-1.81516
15	4	29	8	-1.16897
15	4	29	9	827.513
15	4	29	10	-1.29043
15	4	29	11	5.46868
15	4	29	12	265.609
15	5	29	1	-0.19048
15	5	29	2	-0.738931
15	5	29	3	-0.080784
15	5	29	4	-0.399341
15	5	29	5	-0.306565
15	5	29	6	-0.198928
15	5	29	7	-0.0790721
15	5	29	8	-0.0822384
15	5	29	9	154.539
15	5	29	10	-0.0804553
15	5	29	11	-0.171192
15	5	29	12	2.67815
15	6	29	1	-1.33616
15	6	29	2	9.45685
15	6	29	3	-0.321246
15	6	29	4	5.44679
15	6	29	5	0.567584
15	6	29	6	-1.18222
15	6	29	7	-1.05212
15	6	29	8	-0.289554
15	6	29	9	360.628
15	6	29	10	-0.349798
15	6	29	11	-1.34016
15	6	29	12	380.903
15	7	29	1	2.98821
15	7	29	2	34.4494
15	7	29	3	-1.17444
15	7	29	4	1.34373
15	7	29	5	130.665
15	7	29	6	1.7387
15	7	29	7	-2.01108
15	7	29	8	-1.06769
15	7	29	9	920.228
15	7	29	10	-1.2335
15	7	29	11	-1.75911
15	7	29	12	768.5
15	1	34	1	-0.0523717
15	1	34	2	0.000660878
15	1	34	3	-0.00199053
15	2	34	1	-0.0462732
15	2	34	2	-0.000124349
15	2	34	3	-5.97794e-06
15	3	34	1	-0.0482847
15	3	34	2	0.00201204
15	3	34	3	-0.000711516
15	4	34	1	-0.0463114
15	4	34	2	-0.000165117
15	4	34	3	-5.97794e-06
15	5	34	1	-0.0462692
15	5	34	2	-0.000124656
15	5	34	3	-5.97794e-06
15	6	34	1	-0.0462957
15	6	34	2	-0.000121279
15	6	34	3	-5.97794e-06
15	7	34	1	-0.0463421
15	7	34	2	-0.000113187
15	7	34	3	-5.97794e-06
18	1	24	1	115.761
18	1	24	2	115.49
18	1	25	1	-1.19962
18	1	25	2	-0.577043
18	1	25	3	-1.15449
18	1	25	4	-0.921918
18	1	25	5	-0.580789
18	1	25	6	-0.583618
18	1	25	7	-1.39613
18	1	27	1	-0.0591752
18	1	28	1	179.476
18	1	28	2	385.801
18	1	29	1	0.0135516
18	1	29	2	0.0136097
18	1	29	3	0.0138852
18	1	29	4	0.0138852
18	1	29	5	0.0135335
18	1	29	6	0.0136932
18	1	29	7	0.0138852
18	1	29	8	0.0138852
18	1	29	9	0.0151498
18	1	29	10	0.0138852
18	1	29	11	0.0138852
18	1	29	12	0.015246
18	1	34	1	-0.621182
18	1	34	2	-0.48769
18	1	34	3	-0.494519
24	1	25	1	0.511728
24	1	25	2	0.595322
24	1	25	3	0.521006
24	1	25	4	0.593761
24	1	25	5	0.585477
24	1	25	6	0.594122
24	1	25	7	0.55607
24	2	25	1	0.531178
24	2	25	2	0.610088
24	2	25	3	0.539972
24	2	25	4	0.608529
24	2	25	5	0.600247
24	2	25	6	0.608881
24	2	25	7	0.570823
24	1	27	1	-1.3012
24	2	27	1	-1.30059
24	1	28	1	-0.754986
24	1	28	2	-1.34225
24	2	28	1	-0.755167
24	2	28	2	-1.34454
24	1	29	1	-0.161427
24	1	29	2	-0.161401
24	1	29	3	-0.160721
24	1	29	4	-0.160721
24	1	29	5	-0.161423
24	1	29	6	-0.161316
24	1	29	7	-0.160721
24	1	29	8	-0.160721
24	1	29	9	-0.16179
24	1	29	10	-0.160721
24	1	29	11	-0.160721
24	1	29	12	-0.161577
24	2	29	1	-0.161427
24	2	29	2	-0.161401
24	2	29	3	-0.160721
24	2	29	4	-0.160721
24	2	29	5	-0.161423
24	2	29	6	-0.161316
24	2	29	7	-0.160721
24	2	29	8	-0.160721
24	2	29	9	-0.16179
24	2	29	10	-0.160721
24	2	29	11	-0.160721
24	2	29	12	-0.161577
24	1	34	1	-0.0730116
24	1	34	2	-0.0703208
24	1	34	3	-0.071073
24	2	34	1	-0.0737637
24	2	34	2	-0.071073
24	2	34	3	-0.0718251
25	1	27	1	0.0139012
25	2	27	1	0.0142288
25	3	27	1	0.0136301
25	4	27	1	0.0148217
25	5	27	1	0.0144686
25	6	27	1	0.0146944
25	7	27	1	0.0149167
25	1	28	1	-1.28764
25	1	28	2	-1.28042
25	2	28	1	-1.29754
25	2	28	2	-1.2905
25	3	28	1	-1.28664
25	3	28	2	-1.27927
25	4	28	1	-1.29919
25	4	28	2	-1.29207
25	5	28	1	-1.30586
25	5	28	2	-1.29867
25	6	28	1	-1.29917
25	6	28	2	-1.29206
25	7	28	1	-1.39825
25	7	28	2	-1.39099
25	1	29	1	-1.78479
25	1	29	2	-1.48096
25	1	29	3	-1.89287
25	1	29	4	-1.92682
25	1	29	5	-2.67944
25	1	29	6	-2.40142
25	1	29	7	-1.91523
25	1	29	8	-1.88621
25	1	29	9	-1.02051
25	1	29	10	-1.83472
25	1	29	11	-1.84596
25	1	29	12	-1.53494
25	2	29	1	-2.41778
25	2	29	2	-1.64279
25	2	29	3	-1.89058
25	2	29	4	-1.92884
25	2	29	5	2.18812
25	2	29	6	-2.59014
25	2	29	7	-2.10974
25	2	29	8	-1.87864
25	2	29	9	-1.31805
25	2	29	10	-1.83533
25	2	29	11	-1.84164
25	2	29	12	-2.04679
25	3	29	1	-1.76239
25	3	29	2	-1.48159
25	3	29	3	-1.89265
25	3	29	4	-1.92635
25	3	29	5	-2.24261
25	3	29	6	-2.36953
25	3	29	7	-1.9172
25	3	29	8	-1.886
25	3	29	9	-1.02115
25	3	29	10	-1.83449
25	3	29	11	-1.84572
25	3	29	12	-1.44766
25	4	29	1	-2.179
25	4	29	2	-1.63097
25	4	29	3	-1.88915
25	4	29	4	-1.92769
25	4	29	5	5.0509
25	4	29	6	-2.5794
25	4	29	7	-2.04321
25	4	29	8	-1.87827
25	4	29	9	-1.30908
25	4	29	10	-1.83341
25	4	29	11	-1.84121
25	4	29	12	-2.03571
25	5	29	1	4.6084
25	5	29	2	-2.20387
25	5	29	3	-2.28771
25	5	29	4	-2.27349
25	5	29	5	73.7564
25	5	29	6	157.753
25	5	29	7	-2.98475
25	5	29	8	-2.08453
25	5	29	9	-1.94957
25	5	29	10	-2.16301
25	5	29	11	-2.04105
25	5	29	12	-2.80537
25	6	29	1	-2.72075
25	6	29	2	-1.79526
25	6	29	3	-1.89237
25	6	29	4	-2.05486
25	6	29	5	54.967
25	6	29	6	-3.19877
25	6	29	7	-2.45616
25	6	29	8	-1.87612
25	6	29	9	-1.54066
25	6	29	10	-1.83993
25	6	29	11	-1.83893
25	6	29	12	-2.84724
25	7	29	1	-2.94948
25	7	29	2	-2.56372
25	7	29	3	-1.94073
25	7	29	4	-2.4465
25	7	29	5	21.1304
25	7	29	6	-3.65847
25	7	29	7	-2.46678
25	7	29	8	-1.92368
25	7	29	9	-2.85305
25	7	29	10	-1.88957
25	7	29	11	-1.92224
25	7	29	12	96.2974
27	1	28	1	-0.610357
27	1	28	2	0.318787
27	1	29	1	0.0171214
27	1	29	2	0.0159281
27	1	29	3	0.0223777
27	1	29	4	0.0256446
27	1	29	5	0.0162449
27	1	29	6	-0.00776901
27	1	29	7	0.02588
27	1	29	8	0.0183325
27	1	29	9	0.0119183
27	1	29	10	0.0252773
27	1	29	11	0.026934
27	1	29	12	0.01543
27	1	34	1	-0.517017
27	1	34	2	-0.737977
27	1	34	3	-0.313284
28	1	29	1	0.509531
28	1	29	2	0.315745
28	1	29	3	0.593754
28	1	29	4	0.552766
28	1	29	5	0.512987
28	1	29	6	0.51872
28	1	29	7	0.592126
28	1	29	8	0.583927
28	1	29	9	-0.613986
28	1	29	10	0.592524
28	1	29	11	0.554544
28	1	29	12	0.313321
28	2	29	1	0.519796
28	2	29	2	0.3264
28	2	29	3	0.603782
28	2	29	4	0.56277
28	2	29	5	0.523225
28	2	29	6	0.529017
28	2	29	7	0.602184
28	2	29	8	0.593949
28	2	29	9	-0.603047
28	2	29	10	0.602566
28	2	29	11	0.564602
28	2	29	12	0.324458
28	1	34	1	236.756
28	1	34	2	121.266
28	1	34	3	117.434
28	2	34	1	117.475
28	2	34	2	-0.178373
28	2	34	3	-2.37454
29	1	34	1	-0.0567269
29	1	34	2	-0.229705
29	1	34	3	-0.0159705
29	2	34	1	-0.0567269
29	2	34	2	-0.229705
29	2	34	3	-0.0159705
29	3	34	1	-0.0567269
29	3	34	2	-0.229705
29	3	34	3	-0.0159705
29	4	34	1	-0.0567269
29	4	34	2	-0.229705
29	4	34	3	-0.0159705
29	5	34	1	-0.0567269
29	5	34	2	-0.229705
29	5	34	3	-0.0159705
29	6	34	1	-0.0567269
29	6	34	2	-0.229705
29	6	34	3	-0.0159705
29	7	34	1	-0.0567269
29	7	34	2	-0.229705
29	7	34	3	-0.0159705
29	8	34	1	-0.0567269
29	8	34	2	-0.229705
29	8	34	3	-0.0159705
29	9	34	1	-0.0570625
29	9	34	2	-0.229034
29	9	34	3	-0.0159705
29	10	34	1	-0.0567269
29	10	34	2	-0.229705
29	10	34	3	-0.0159705
29	11	34	1	-0.0567269
29	11	34	2	-0.229705
29	11	34	3	-0.0159705
29	12	34	1	-0.0567269
29	12	34	2	-0.229705
29	12	34	3	-0.0159705
[END TWOBODY SEQPOS1/ROTINDEX1/SEQPOS2/ROTINDEX2/ENERGY]
