[BEGIN ONEBODY SEQPOS/ROTINDEX/ENERGY]
14	1	5.36405
14	2	7.69757
14	3	-1.13217
14	4	-0.521208
14	5	-0.450593
14	6	4.48462
14	7	0.173715
14	8	9.29826
15	1	-3.06245
15	2	-1.09144
15	3	-2.40222
15	4	-2.09204
15	5	-1.55506
15	6	-1.33106
18	1	4.10963
18	2	3.15362
18	3	15.8631
18	4	10.4965
27	1	24.5665
28	1	-1.64648
28	2	0.171286
28	3	0.456433
28	4	4.08251
29	1	-1.73053
29	2	-0.010517
29	3	-0.977841
29	4	-0.730732
29	5	0.189432
29	6	0.265976
[END ONEBODY SEQPOS/ROTINDEX/ENERGY]
[BEGIN TWOBODY SEQPOS1/ROTINDEX1/SEQPOS2/ROTINDEX2/ENERGY]
14	1	15	1	0.429298
14	1	15	2	0.289942
14	1	15	3	0.54796
14	1	15	4	0.562334
14	1	15	5	0.581591
14	1	15	6	0.477127
14	2	15	1	0.401808
14	2	15	2	0.262452
14	2	15	3	0.52047
14	2	15	4	0.534844
14	2	15	5	0.5541
14	2	15	6	0.449636
14	3	15	1	1.60946
14	3	15	2	1.22775
14	3	15	3	1.04986
14	3	15	4	1.06423
14	3	15	5	1.08349
14	3	15	6	1.77887
14	4	15	1	1.8094
14	4	15	2	1.41261
14	4	15	3	1.04243
14	4	15	4	1.0568
14	4	15	5	1.07606
14	4	15	6	1.99529
14	5	15	1	1.21519
14	5	15	2	0.920033
14	5	15	3	1.09362
14	5	15	4	1.108
14	5	15	5	1.12726
14	5	15	6	1.35913
14	6	15	1	0.432441
14	6	15	2	0.293085
14	6	15	3	0.551103
14	6	15	4	0.565477
14	6	15	5	0.584733
14	6	15	6	0.480269
14	7	15	1	1.00841
14	7	15	2	0.895643
14	7	15	3	1.13531
14	7	15	4	1.14968
14	7	15	5	1.16894
14	7	15	6	1.15019
14	8	15	1	0.36287
14	8	15	2	0.223514
14	8	15	3	0.481532
14	8	15	4	0.495906
14	8	15	5	0.515163
14	8	15	6	0.410699
14	1	18	1	-0.280374
14	1	18	2	0.0874683
14	1	18	3	-0.00651598
14	1	18	4	2.18511
14	2	18	1	-0.280374
14	2	18	2	0.0874683
14	2	18	3	-0.00651598
14	2	18	4	2.18938
14	3	18	1	2.66207
14	3	18	2	3.50274
14	3	18	3	2.75359
14	3	18	4	5.95805
14	4	18	1	3.11128
14	4	18	2	4.1657
14	4	18	3	2.9216
14	4	18	4	6.61653
14	5	18	1	2.69372
14	5	18	2	3.54839
14	5	18	3	3.12167
14	5	18	4	6.39657
14	6	18	1	-0.280374
14	6	18	2	0.0874683
14	6	18	3	-0.00651598
14	6	18	4	2.18484
14	7	18	1	3.51395
14	7	18	2	4.72823
14	7	18	3	3.91391
14	7	18	4	8.29458
14	8	18	1	-0.280374
14	8	18	2	0.0887184
14	8	18	3	-0.00512037
14	8	18	4	2.19668
14	1	27	1	-0.000297702
14	2	27	1	-0.000297702
14	3	27	1	-0.0671595
14	4	27	1	-0.141586
14	5	27	1	0.0292916
14	6	27	1	-0.000297702
14	7	27	1	0.0514218
14	8	27	1	-0.000297702
14	1	28	1	3.64643
14	1	28	2	2.71109
14	1	28	3	12.7525
14	1	28	4	14.4704
14	2	28	1	3.64652
14	2	28	2	2.73377
14	2	28	3	12.7909
14	2	28	4	14.5058
14	3	28	1	90.9425
14	3	28	2	189.329
14	3	28	3	43.54
14	3	28	4	231.853
14	4	28	1	170.862
14	4	28	2	277.265
14	4	28	3	108.79
14	4	28	4	333.183
14	5	28	1	31.6694
14	5	28	2	114.593
14	5	28	3	27.6197
14	5	28	4	177.409
14	6	28	1	3.73459
14	6	28	2	2.72299
14	6	28	3	12.8745
14	6	28	4	14.4799
14	7	28	1	35.696
14	7	28	2	130.841
14	7	28	3	34.0953
14	7	28	4	228.303
14	8	28	1	3.78896
14	8	28	2	2.78273
14	8	28	3	13.0868
14	8	28	4	14.5809
14	1	29	1	0
14	1	29	2	0
14	1	29	3	0
14	1	29	4	0
14	1	29	5	0
14	1	29	6	0
14	2	29	1	0
14	2	29	2	0
14	2	29	3	0
14	2	29	4	0
14	2	29	5	0
14	2	29	6	0
14	3	29	1	0.101428
14	3	29	2	0.101428
14	3	29	3	0.101428
14	3	29	4	0.101428
14	3	29	5	0.101428
14	3	29	6	0.101428
14	4	29	1	0.115882
14	4	29	2	0.115882
14	4	29	3	0.115882
14	4	29	4	0.115882
14	4	29	5	0.115882
14	4	29	6	0.115882
14	5	29	1	0.0144011
14	5	29	2	0.0144011
14	5	29	3	0.0144011
14	5	29	4	0.0144011
14	5	29	5	0.0144011
14	5	29	6	0.0144011
14	6	29	1	0
14	6	29	2	0
14	6	29	3	0
14	6	29	4	0
14	6	29	5	0
14	6	29	6	0
14	7	29	1	-0.000202758
14	7	29	2	-0.000202758
14	7	29	3	-0.000202758
14	7	29	4	-0.000202758
14	7	29	5	-0.000202758
14	7	29	6	-0.000202758
14	8	29	1	0
14	8	29	2	0
14	8	29	3	0
14	8	29	4	0
14	8	29	5	0
14	8	29	6	0
15	1	18	1	-0.741005
15	1	18	2	-0.326445
15	1	18	3	-1.09242
15	1	18	4	-0.14574
15	2	18	1	-0.838201
15	2	18	2	-0.469762
15	2	18	3	-1.13352
15	2	18	4	-0.316347
15	3	18	1	-1.16922
15	3	18	2	-0.964591
15	3	18	3	-1.24782
15	3	18	4	-0.679819
15	4	18	1	-1.15038
15	4	18	2	-0.961882
15	4	18	3	-1.22498
15	4	18	4	-0.660887
15	5	18	1	-1.12919
15	5	18	2	-0.893426
15	5	18	3	-1.22133
15	5	18	4	-0.629564
15	6	18	1	-0.863177
15	6	18	2	-0.460556
15	6	18	3	-1.15137
15	6	18	4	-0.211002
15	1	27	1	0.00308359
15	2	27	1	0.00122542
15	3	27	1	0
15	4	27	1	0
15	5	27	1	0
15	6	27	1	0.00211282
15	1	28	1	8.59326
15	1	28	2	8.39952
15	1	28	3	8.89258
15	1	28	4	8.46089
15	2	28	1	3.10343
15	2	28	2	2.89156
15	2	28	3	3.38639
15	2	28	4	2.92581
15	3	28	1	0.563856
15	3	28	2	0.280863
15	3	28	3	0.882889
15	3	28	4	0.297639
15	4	28	1	0.487937
15	4	28	2	0.254789
15	4	28	3	0.808638
15	4	28	4	0.301791
15	5	28	1	0.80793
15	5	28	2	0.488355
15	5	28	3	1.12117
15	5	28	4	0.451158
15	6	28	1	7.37765
15	6	28	2	7.1901
15	6	28	3	7.68163
15	6	28	4	7.28369
15	1	29	1	3.92052
15	1	29	2	3.37538
15	1	29	3	1.69917
15	1	29	4	1.51013
15	1	29	5	1.58369
15	1	29	6	3.74757
15	2	29	1	4.96155
15	2	29	2	4.02647
15	2	29	3	1.66874
15	2	29	4	1.4966
15	2	29	5	1.55673
15	2	29	6	5.03338
15	3	29	1	5.61561
15	3	29	2	4.62667
15	3	29	3	0.197818
15	3	29	4	0.278859
15	3	29	5	0.0821228
15	3	29	6	5.8745
15	4	29	1	7.60685
15	4	29	2	6.03733
15	4	29	3	0.548498
15	4	29	4	0.667325
15	4	29	5	0.273882
15	4	29	6	7.78668
15	5	29	1	3.58455
15	5	29	2	3.16722
15	5	29	3	-0.0806589
15	5	29	4	-0.061625
15	5	29	5	-0.0967554
15	5	29	6	3.60298
15	6	29	1	3.95528
15	6	29	2	3.53724
15	6	29	3	1.64122
15	6	29	4	1.51785
15	6	29	5	1.50823
15	6	29	6	3.57692
18	1	27	1	-0.427139
18	2	27	1	-0.225703
18	3	27	1	-0.456474
18	4	27	1	-0.0724626
18	1	28	1	412.578
18	1	28	2	522.856
18	1	28	3	296.108
18	1	28	4	528.356
18	2	28	1	522.856
18	2	28	2	632.937
18	2	28	3	406.169
18	2	28	4	547.977
18	3	28	1	296.108
18	3	28	2	406.169
18	3	28	3	172.734
18	3	28	4	425.78
18	4	28	1	528.356
18	4	28	2	547.977
18	4	28	3	425.78
18	4	28	4	447.758
18	1	29	1	-0.103568
18	1	29	2	-0.103568
18	1	29	3	-0.103568
18	1	29	4	-0.103568
18	1	29	5	-0.103568
18	1	29	6	-0.103799
18	2	29	1	-0.0671719
18	2	29	2	-0.0671719
18	2	29	3	-0.0671719
18	2	29	4	-0.0671719
18	2	29	5	-0.0671719
18	2	29	6	-0.0674035
18	3	29	1	-0.11576
18	3	29	2	-0.11576
18	3	29	3	-0.11576
18	3	29	4	-0.11576
18	3	29	5	-0.11576
18	3	29	6	-0.115991
18	4	29	1	0.00334367
18	4	29	2	0.00334367
18	4	29	3	0.00334367
18	4	29	4	0.00334367
18	4	29	5	0.00334367
18	4	29	6	0.00311214
27	1	28	1	0.363912
27	1	28	2	0.224405
27	1	28	3	0.411797
27	1	28	4	0.00181095
27	1	29	1	0.00856625
27	1	29	2	0.0115316
27	1	29	3	0.0113229
27	1	29	4	0.0113229
27	1	29	5	0.0113229
27	1	29	6	0.00854975
28	1	29	1	0.427789
28	1	29	2	0.287693
28	1	29	3	0.545583
28	1	29	4	0.558843
28	1	29	5	0.580237
28	1	29	6	0.47601
28	2	29	1	0.400244
28	2	29	2	0.260148
28	2	29	3	0.518039
28	2	29	4	0.531298
28	2	29	5	0.552692
28	2	29	6	0.448465
28	3	29	1	0.430791
28	3	29	2	0.290696
28	3	29	3	0.548586
28	3	29	4	0.561846
28	3	29	5	0.583239
28	3	29	6	0.479012
28	4	29	1	0.360909
28	4	29	2	0.220814
28	4	29	3	0.478704
28	4	29	4	0.491964
28	4	29	5	0.513358
28	4	29	6	0.409131
[END TWOBODY SEQPOS1/ROTINDEX1/SEQPOS2/ROTINDEX2/ENERGY]
