[BEGIN ONEBODY SEQPOS/ROTINDEX/ENERGY]
4	1	4.35324
5	1	-4.37841
5	2	-3.44042
5	3	-3.19198
5	4	-3.40397
5	5	-3.1967
5	6	-3.15055
5	7	-1.99554
5	8	-2.46237
5	9	-1.98986
5	10	-1.09488
5	11	0.0989595
5	12	-0.806445
8	1	568.338
17	1	331.876
18	1	175.094
24	1	2.43794
35	1	-3.06053
35	2	-1.41511
35	3	7.31418
35	4	-2.21996
35	5	-1.77206
35	6	2.33474
35	7	9.32424
35	8	-0.61276
35	9	0.446354
35	10	1.51753
35	11	1.01963
37	1	331.911
38	1	168.477
39	1	-0.536372
39	2	-1.12172
39	3	0.374498
39	4	0.539017
39	5	0.422994
39	6	-0.0652508
39	7	0.679262
39	8	0.321707
39	9	0.108944
39	10	0.455093
39	11	0.0739792
39	12	0.777863
39	13	1.72744
39	14	1.75058
39	15	3.29397
39	16	1.6226
39	17	1.54223
39	18	1.86611
39	19	1.27625
39	20	1.75349
39	21	1.1379
[END ONEBODY SEQPOS/ROTINDEX/ENERGY]
[BEGIN TWOBODY SEQPOS1/ROTINDEX1/SEQPOS2/ROTINDEX2/ENERGY]
4	1	5	1	0.284022
4	1	5	2	0.284117
4	1	5	3	0.239539
4	1	5	4	0.284199
4	1	5	5	0.283736
4	1	5	6	0.284185
4	1	5	7	0.241236
4	1	5	8	0.241147
4	1	5	9	0.284039
4	1	5	10	0.270027
4	1	5	11	0.290226
4	1	5	12	0.273317
4	1	8	1	18.6753
4	1	17	1	78.3909
4	1	18	1	92.8385
4	1	24	1	1586.99
4	1	35	1	-0.0917033
4	1	35	2	-0.0916836
4	1	35	3	-0.1311
4	1	35	4	-0.0916832
4	1	35	5	-0.0916849
4	1	35	6	-0.124157
4	1	35	7	-0.132535
4	1	35	8	-0.0916736
4	1	35	9	-0.0920971
4	1	35	10	-0.091705
4	1	35	11	-0.0916636
4	1	37	1	-0.185175
4	1	38	1	567.131
4	1	39	1	-0.0615935
4	1	39	2	-0.0615935
4	1	39	3	-0.0615935
4	1	39	4	-0.0615935
4	1	39	5	-0.0615935
4	1	39	6	-0.0615935
4	1	39	7	-0.0615935
4	1	39	8	-0.0615935
4	1	39	9	-0.0615935
4	1	39	10	-0.0615935
4	1	39	11	-0.0615935
4	1	39	12	-0.0615935
4	1	39	13	-0.0615935
4	1	39	14	-0.0615935
4	1	39	15	-0.0615935
4	1	39	16	-0.0615935
4	1	39	17	-0.0615935
4	1	39	18	-0.0615935
4	1	39	19	-0.0615935
4	1	39	20	-0.0613606
4	1	39	21	-0.0615935
5	1	8	1	-1.3807
5	2	8	1	-1.38062
5	3	8	1	-1.39343
5	4	8	1	-1.38052
5	5	8	1	-1.38092
5	6	8	1	-1.38033
5	7	8	1	-1.4099
5	8	8	1	-1.42346
5	9	8	1	-1.38066
5	10	8	1	-1.38021
5	11	8	1	-1.38069
5	12	8	1	-1.38056
5	1	17	1	-0.00951795
5	2	17	1	-0.00951795
5	3	17	1	-0.00951795
5	4	17	1	-0.00951795
5	5	17	1	-0.00951795
5	6	17	1	-0.00951795
5	7	17	1	-0.00951795
5	8	17	1	-0.00951795
5	9	17	1	-0.00951795
5	10	17	1	-0.00951795
5	11	17	1	-0.00951795
5	12	17	1	-0.00951795
5	1	18	1	0.163874
5	2	18	1	0.163873
5	3	18	1	0.181614
5	4	18	1	0.163874
5	5	18	1	0.16387
5	6	18	1	0.163879
5	7	18	1	0.179456
5	8	18	1	0.181206
5	9	18	1	0.163871
5	10	18	1	0.163844
5	11	18	1	0.163874
5	12	18	1	0.163845
5	1	24	1	0.00653744
5	2	24	1	0.0065367
5	3	24	1	0.00647253
5	4	24	1	0.00653688
5	5	24	1	0.00653587
5	6	24	1	0.00616295
5	7	24	1	0.00641605
5	8	24	1	0.00648979
5	9	24	1	0.00653571
5	10	24	1	0.00654448
5	11	24	1	0.00653752
5	12	24	1	0.0065327
5	1	35	1	-0.642093
5	1	35	2	1.49918
5	1	35	3	72.9929
5	1	35	4	0.736574
5	1	35	5	-0.618595
5	1	35	6	101.265
5	1	35	7	8.91012
5	1	35	8	-0.583705
5	1	35	9	3.6197
5	1	35	10	-0.63176
5	1	35	11	-0.6606
5	2	35	1	1.49918
5	2	35	2	6.70702
5	2	35	3	107.852
5	2	35	4	8.37952
5	2	35	5	0.147229
5	2	35	6	324.19
5	2	35	7	43.6028
5	2	35	8	1.08225
5	2	35	9	82.6747
5	2	35	10	0.140051
5	2	35	11	0.674654
5	3	35	1	72.9929
5	3	35	2	107.852
5	3	35	3	415.838
5	3	35	4	103.941
5	3	35	5	68.045
5	3	35	6	775.136
5	3	35	7	352.222
5	3	35	8	74.4334
5	3	35	9	742.26
5	3	35	10	69.9881
5	3	35	11	218.094
5	4	35	1	0.736574
5	4	35	2	8.37952
5	4	35	3	103.941
5	4	35	4	2.97956
5	4	35	5	-0.438063
5	4	35	6	163.596
5	4	35	7	19.995
5	4	35	8	-0.274854
5	4	35	9	4.67098
5	4	35	10	-0.460225
5	4	35	11	-0.511743
5	5	35	1	-0.618595
5	5	35	2	0.147229
5	5	35	3	68.045
5	5	35	4	-0.438063
5	5	35	5	-0.546866
5	5	35	6	9.94915
5	5	35	7	4.86474
5	5	35	8	-0.541182
5	5	35	9	-0.624909
5	5	35	10	-0.559206
5	5	35	11	-0.568628
5	6	35	1	-0.726425
5	6	35	2	-0.0628015
5	6	35	3	68.6603
5	6	35	4	-0.46164
5	6	35	5	-0.655942
5	6	35	6	9.88089
5	6	35	7	6.8828
5	6	35	8	-0.649898
5	6	35	9	-0.413235
5	6	35	10	-0.666793
5	6	35	11	-0.684872
5	7	35	1	101.265
5	7	35	2	324.19
5	7	35	3	775.136
5	7	35	4	163.596
5	7	35	5	9.94915
5	7	35	6	1359.55
5	7	35	7	758.404
5	7	35	8	11.4298
5	7	35	9	446.63
5	7	35	10	9.41595
5	7	35	11	24.652
5	8	35	1	8.91012
5	8	35	2	43.6028
5	8	35	3	352.222
5	8	35	4	19.995
5	8	35	5	4.86474
5	8	35	6	758.404
5	8	35	7	288.247
5	8	35	8	6.23947
5	8	35	9	306.85
5	8	35	10	5.71165
5	8	35	11	25.2101
5	9	35	1	-0.583704
5	9	35	2	1.08225
5	9	35	3	74.4334
5	9	35	4	-0.274854
5	9	35	5	-0.541182
5	9	35	6	11.4298
5	9	35	7	6.23947
5	9	35	8	-0.535419
5	9	35	9	-0.541779
5	9	35	10	-0.553111
5	9	35	11	-0.56626
5	10	35	1	3.6197
5	10	35	2	82.6747
5	10	35	3	742.26
5	10	35	4	4.67098
5	10	35	5	-0.624909
5	10	35	6	446.63
5	10	35	7	306.85
5	10	35	8	-0.541779
5	10	35	9	19.9202
5	10	35	10	-0.670342
5	10	35	11	-0.717629
5	11	35	1	-0.63176
5	11	35	2	0.140051
5	11	35	3	69.9881
5	11	35	4	-0.460225
5	11	35	5	-0.559206
5	11	35	6	9.41595
5	11	35	7	5.71166
5	11	35	8	-0.553111
5	11	35	9	-0.670342
5	11	35	10	-0.570709
5	11	35	11	-0.584511
5	12	35	1	-0.6606
5	12	35	2	0.674654
5	12	35	3	218.094
5	12	35	4	-0.511743
5	12	35	5	-0.568628
5	12	35	6	24.652
5	12	35	7	25.2101
5	12	35	8	-0.56626
5	12	35	9	-0.717629
5	12	35	10	-0.584511
5	12	35	11	-0.564281
5	1	37	1	0.00109932
5	2	37	1	0.00109041
5	3	37	1	-0.0026505
5	4	37	1	0.0010923
5	5	37	1	0.00108351
5	6	37	1	0.00111799
5	7	37	1	-0.002064
5	8	37	1	-0.00209189
5	9	37	1	0.00108242
5	10	37	1	0.00113785
5	11	37	1	0.00110046
5	12	37	1	0.00106709
5	1	38	1	126.863
5	2	38	1	126.875
5	3	38	1	126.612
5	4	38	1	126.869
5	5	38	1	126.866
5	6	38	1	126.735
5	7	38	1	126.561
5	8	38	1	126.547
5	9	38	1	126.87
5	10	38	1	126.87
5	11	38	1	126.872
5	12	38	1	126.928
5	1	39	1	0.87333
5	1	39	2	105.029
5	1	39	3	3.43844
5	1	39	4	11.1308
5	1	39	5	0.580616
5	1	39	6	415.924
5	1	39	7	0.0516406
5	1	39	8	139.966
5	1	39	9	33.9733
5	1	39	10	1820.37
5	1	39	11	19.2266
5	1	39	12	5.73302
5	1	39	13	5.53535
5	1	39	14	664.667
5	1	39	15	31.268
5	1	39	16	119.226
5	1	39	17	8.61787
5	1	39	18	0.0275756
5	1	39	19	835.789
5	1	39	20	1647.97
5	1	39	21	50.9357
5	2	39	1	2.19912
5	2	39	2	471.221
5	2	39	3	2.7713
5	2	39	4	4.70102
5	2	39	5	1.71716
5	2	39	6	982.678
5	2	39	7	2.02736
5	2	39	8	613.907
5	2	39	9	173.262
5	2	39	10	1895.38
5	2	39	11	113.63
5	2	39	12	46.067
5	2	39	13	4.21143
5	2	39	14	296.173
5	2	39	15	165.302
5	2	39	16	110.038
5	2	39	17	5.01582
5	2	39	18	1.56737
5	2	39	19	549.535
5	2	39	20	1966.63
5	2	39	21	131.208
5	3	39	1	9.42539
5	3	39	2	907.968
5	3	39	3	9.29968
5	3	39	4	8.5926
5	3	39	5	9.24183
5	3	39	6	993.005
5	3	39	7	10.5372
5	3	39	8	1315.24
5	3	39	9	537.629
5	3	39	10	744.774
5	3	39	11	507.591
5	3	39	12	42.875
5	3	39	13	8.5382
5	3	39	14	23.0324
5	3	39	15	793.555
5	3	39	16	45.9685
5	3	39	17	8.84608
5	3	39	18	9.72233
5	3	39	19	405.845
5	3	39	20	1357.32
5	3	39	21	492.228
5	4	39	1	-0.869417
5	4	39	2	107.075
5	4	39	3	-0.5099
5	4	39	4	1.76299
5	4	39	5	-0.908243
5	4	39	6	425.074
5	4	39	7	-0.892485
5	4	39	8	143.128
5	4	39	9	33.5685
5	4	39	10	1685.24
5	4	39	11	16.8739
5	4	39	12	1.9268
5	4	39	13	0.870438
5	4	39	14	299.893
5	4	39	15	31.1321
5	4	39	16	30.271
5	4	39	17	1.29967
5	4	39	18	-0.896367
5	4	39	19	494.092
5	4	39	20	1679.72
5	4	39	21	24.8778
5	5	39	1	-0.623902
5	5	39	2	10.594
5	5	39	3	-0.163386
5	5	39	4	4.95262
5	5	39	5	-0.623466
5	5	39	6	49.6914
5	5	39	7	-0.632539
5	5	39	8	15.732
5	5	39	9	14.6369
5	5	39	10	1024.15
5	5	39	11	7.49415
5	5	39	12	-0.602738
5	5	39	13	1.28942
5	5	39	14	232.8
5	5	39	15	13.4551
5	5	39	16	3.02084
5	5	39	17	1.05034
5	5	39	18	-0.63089
5	5	39	19	315.984
5	5	39	20	963.208
5	5	39	21	11.1378
5	6	39	1	30.0636
5	6	39	2	173.199
5	6	39	3	33.1485
5	6	39	4	423.083
5	6	39	5	29.7773
5	6	39	6	198.805
5	6	39	7	27.8232
5	6	39	8	180.027
5	6	39	9	178.919
5	6	39	10	1358.92
5	6	39	11	177.082
5	6	39	12	34.7673
5	6	39	13	372.664
5	6	39	14	1132.24
5	6	39	15	167.185
5	6	39	16	53.0128
5	6	39	17	392.258
5	6	39	18	28.0282
5	6	39	19	1336.21
5	6	39	20	1482.23
5	6	39	21	185.241
5	7	39	1	2.55957
5	7	39	2	627.852
5	7	39	3	2.58382
5	7	39	4	2.54656
5	7	39	5	2.52179
5	7	39	6	764.286
5	7	39	7	2.60149
5	7	39	8	1047.59
5	7	39	9	278.748
5	7	39	10	735.099
5	7	39	11	310.486
5	7	39	12	15.4062
5	7	39	13	2.41606
5	7	39	14	31.0867
5	7	39	15	313.733
5	7	39	16	27.0149
5	7	39	17	2.66917
5	7	39	18	2.51804
5	7	39	19	352.81
5	7	39	20	1460.32
5	7	39	21	307.632
5	8	39	1	12.0928
5	8	39	2	891.039
5	8	39	3	12.7794
5	8	39	4	15.1766
5	8	39	5	11.5252
5	8	39	6	1295.8
5	8	39	7	11.8606
5	8	39	8	1245.36
5	8	39	9	429.944
5	8	39	10	1247.29
5	8	39	11	420.838
5	8	39	12	93.2353
5	8	39	13	12.5329
5	8	39	14	171.759
5	8	39	15	456.669
5	8	39	16	189.467
5	8	39	17	17.4448
5	8	39	18	11.2813
5	8	39	19	585.632
5	8	39	20	1866.15
5	8	39	21	444.104
5	9	39	1	-0.720503
5	9	39	2	7.4073
5	9	39	3	-0.640801
5	9	39	4	0.359377
5	9	39	5	-0.71788
5	9	39	6	45.8314
5	9	39	7	-0.711342
5	9	39	8	12.0635
5	9	39	9	10.1872
5	9	39	10	968.838
5	9	39	11	5.25182
5	9	39	12	-0.798576
5	9	39	13	-0.0410122
5	9	39	14	97.2108
5	9	39	15	9.18584
5	9	39	16	1.37708
5	9	39	17	-0.343876
5	9	39	18	-0.706296
5	9	39	19	278.727
5	9	39	20	951.039
5	9	39	21	7.26083
5	10	39	1	-0.477268
5	10	39	2	3.80636
5	10	39	3	-0.454843
5	10	39	4	-0.567717
5	10	39	5	-0.474826
5	10	39	6	48.3038
5	10	39	7	-0.473737
5	10	39	8	18.1073
5	10	39	9	3.87241
5	10	39	10	437.359
5	10	39	11	1.26736
5	10	39	12	-0.422061
5	10	39	13	-0.595532
5	10	39	14	9.03702
5	10	39	15	4.94424
5	10	39	16	0.748235
5	10	39	17	-0.601403
5	10	39	18	-0.471851
5	10	39	19	76.7981
5	10	39	20	973.545
5	10	39	21	2.09678
5	11	39	1	-0.697579
5	11	39	2	7.11497
5	11	39	3	-0.61851
5	11	39	4	0.443132
5	11	39	5	-0.696318
5	11	39	6	43.5028
5	11	39	7	-0.692219
5	11	39	8	11.0977
5	11	39	9	8.46235
5	11	39	10	936.535
5	11	39	11	5.60106
5	11	39	12	-0.774077
5	11	39	13	-0.16576
5	11	39	14	101.461
5	11	39	15	8.08024
5	11	39	16	1.04546
5	11	39	17	-0.314428
5	11	39	18	-0.687051
5	11	39	19	278.663
5	11	39	20	949.304
5	11	39	21	7.14178
5	12	39	1	-0.409303
5	12	39	2	0.336263
5	12	39	3	-0.400403
5	12	39	4	-0.455797
5	12	39	5	-0.407287
5	12	39	6	2.82008
5	12	39	7	-0.406828
5	12	39	8	1.96698
5	12	39	9	1.59574
5	12	39	10	253.888
5	12	39	11	0.128439
5	12	39	12	-0.467263
5	12	39	13	-0.53196
5	12	39	14	6.81103
5	12	39	15	2.18059
5	12	39	16	-0.0533685
5	12	39	17	-0.540559
5	12	39	18	-0.405154
5	12	39	19	57.7123
5	12	39	20	561.719
5	12	39	21	0.495282
8	1	17	1	1.17548
8	1	18	1	2703.5
8	1	24	1	4.91
8	1	35	1	126.863
8	1	35	2	126.875
8	1	35	3	126.612
8	1	35	4	126.869
8	1	35	5	126.866
8	1	35	6	126.561
8	1	35	7	126.547
8	1	35	8	126.87
8	1	35	9	126.87
8	1	35	10	126.872
8	1	35	11	126.928
8	1	37	1	-0.0931659
8	1	38	1	1963.2
8	1	39	1	0.0442578
8	1	39	2	0.0446261
8	1	39	3	0.0442578
8	1	39	4	0.0442578
8	1	39	5	0.0442578
8	1	39	6	0.0445941
8	1	39	7	0.0442578
8	1	39	8	0.057862
8	1	39	9	0.0445213
8	1	39	10	0.044678
8	1	39	11	0.0446766
8	1	39	12	0.0442578
8	1	39	13	0.0442578
8	1	39	14	0.0442578
8	1	39	15	0.0661607
8	1	39	16	0.0442578
8	1	39	17	0.0442578
8	1	39	18	0.0442578
8	1	39	19	0.0448549
8	1	39	20	0.0689568
8	1	39	21	0.0447026
17	1	18	1	0.0311784
17	1	24	1	-0.185175
17	1	38	1	-0.244717
18	1	24	1	567.131
18	1	35	1	0.189081
18	1	35	2	0.188923
18	1	35	3	0.213716
18	1	35	4	0.188883
18	1	35	5	0.18907
18	1	35	6	0.212668
18	1	35	7	0.213707
18	1	35	8	0.188892
18	1	35	9	0.192397
18	1	35	10	0.189085
18	1	35	11	0.19001
18	1	37	1	-0.244717
18	1	38	1	1847.5
18	1	39	1	0.00811995
18	1	39	2	0.00811995
18	1	39	3	0.00811995
18	1	39	4	0.00811995
18	1	39	5	0.00811995
18	1	39	6	0.00811995
18	1	39	7	0.00811995
18	1	39	8	0.00811995
18	1	39	9	0.00811995
18	1	39	10	0.00811995
18	1	39	11	0.00811995
18	1	39	12	0.00811995
18	1	39	13	0.00811995
18	1	39	14	0.00811995
18	1	39	15	0.00811994
18	1	39	16	0.00811995
18	1	39	17	0.00811995
18	1	39	18	0.00811995
18	1	39	19	0.00811995
18	1	39	20	0.00811995
18	1	39	21	0.00811995
24	1	35	1	-0.00381066
24	1	35	2	-0.00381066
24	1	35	3	-0.00381066
24	1	35	4	-0.00381066
24	1	35	5	-0.00381066
24	1	35	6	-0.00381066
24	1	35	7	-0.00381066
24	1	35	8	-0.00381066
24	1	35	9	-0.00381066
24	1	35	10	-0.00381066
24	1	35	11	-0.00381066
24	1	37	1	78.3909
24	1	38	1	92.8385
24	1	39	1	-0.0279232
24	1	39	2	-0.0279407
24	1	39	3	-0.0279244
24	1	39	4	-0.0279249
24	1	39	5	-0.0279242
24	1	39	6	-0.0279413
24	1	39	7	-0.0279254
24	1	39	8	-0.0279415
24	1	39	9	-0.0279409
24	1	39	10	-0.0279379
24	1	39	11	-0.0279436
24	1	39	12	-0.0279204
24	1	39	13	-0.0279263
24	1	39	14	-0.0279242
24	1	39	15	-0.0279362
24	1	39	16	-0.0279204
24	1	39	17	-0.0279248
24	1	39	18	-0.0279255
24	1	39	19	-0.0279361
24	1	39	20	-0.0279352
24	1	39	21	-0.0279425
35	1	37	1	0.00849756
35	2	37	1	0.00841397
35	3	37	1	0.0081762
35	4	37	1	0.00842074
35	5	37	1	0.00839347
35	6	37	1	0.00811742
35	7	37	1	0.00815757
35	8	37	1	0.00835564
35	9	37	1	0.00469153
35	10	37	1	0.0085061
35	11	37	1	0.00583841
35	1	38	1	-1.3807
35	2	38	1	-1.38062
35	3	38	1	-1.39343
35	4	38	1	-1.38052
35	5	38	1	-1.38092
35	6	38	1	-1.4099
35	7	38	1	-1.42346
35	8	38	1	-1.38066
35	9	38	1	-1.38021
35	10	38	1	-1.38069
35	11	38	1	-1.38056
35	1	39	1	-1.87776
35	1	39	2	12.7876
35	1	39	3	-1.87628
35	1	39	4	-1.86612
35	1	39	5	-1.87836
35	1	39	6	4.54196
35	1	39	7	-1.89775
35	1	39	8	126.387
35	1	39	9	-1.02405
35	1	39	10	-1.75133
35	1	39	11	-2.02074
35	1	39	12	-1.63406
35	1	39	13	-1.86659
35	1	39	14	-1.90764
35	1	39	15	34.9514
35	1	39	16	-1.86722
35	1	39	17	-1.86568
35	1	39	18	-1.90847
35	1	39	19	-1.59882
35	1	39	20	0.342325
35	1	39	21	-2.03127
35	2	39	1	-1.85938
35	2	39	2	20.9143
35	2	39	3	-1.85945
35	2	39	4	-1.84716
35	2	39	5	-1.86086
35	2	39	6	9.83605
35	2	39	7	-1.8759
35	2	39	8	155.864
35	2	39	9	-0.664461
35	2	39	10	0.358909
35	2	39	11	-1.72563
35	2	39	12	-1.36376
35	2	39	13	-1.84937
35	2	39	14	-1.66773
35	2	39	15	38.5809
35	2	39	16	-1.41255
35	2	39	17	-1.84616
35	2	39	18	-1.8906
35	2	39	19	-1.29503
35	2	39	20	7.12016
35	2	39	21	-1.56334
35	3	39	1	-1.89867
35	3	39	2	18.2583
35	3	39	3	-1.89668
35	3	39	4	-1.88403
35	3	39	5	-1.89864
35	3	39	6	20.8443
35	3	39	7	-1.92663
35	3	39	8	171.01
35	3	39	9	-1.64183
35	3	39	10	17.9409
35	3	39	11	-2.14464
35	3	39	12	-1.9183
35	3	39	13	-1.88393
35	3	39	14	-1.53648
35	3	39	15	32.757
35	3	39	16	-1.69841
35	3	39	17	-1.88398
35	3	39	18	-1.92842
35	3	39	19	-1.38519
35	3	39	20	230.782
35	3	39	21	-1.93083
35	4	39	1	-1.60564
35	4	39	2	281.608
35	4	39	3	-1.7402
35	4	39	4	-1.80386
35	4	39	5	-1.75569
35	4	39	6	131.577
35	4	39	7	-1.45991
35	4	39	8	369.836
35	4	39	9	5.24157
35	4	39	10	0.350655
35	4	39	11	2.81966
35	4	39	12	1.91881
35	4	39	13	-1.80869
35	4	39	14	-1.52129
35	4	39	15	44.0219
35	4	39	16	0.335628
35	4	39	17	-1.72714
35	4	39	18	-1.7623
35	4	39	19	-0.687263
35	4	39	20	3.87401
35	4	39	21	2.1523
35	5	39	1	-1.87563
35	5	39	2	1.00666
35	5	39	3	-1.87395
35	5	39	4	-1.86402
35	5	39	5	-1.87619
35	5	39	6	-0.644752
35	5	39	7	-1.89456
35	5	39	8	39.3332
35	5	39	9	-0.979336
35	5	39	10	-1.81276
35	5	39	11	-2.08584
35	5	39	12	-1.86308
35	5	39	13	-1.86463
35	5	39	14	-1.89901
35	5	39	15	40.6392
35	5	39	16	-1.97291
35	5	39	17	-1.86356
35	5	39	18	-1.90637
35	5	39	19	-1.56983
35	5	39	20	-0.594485
35	5	39	21	-2.06924
35	6	39	1	-1.407
35	6	39	2	212.034
35	6	39	3	-1.38765
35	6	39	4	-1.37933
35	6	39	5	-1.45308
35	6	39	6	305.719
35	6	39	7	-1.38115
35	6	39	8	568.418
35	6	39	9	4.29591
35	6	39	10	166.314
35	6	39	11	5.28466
35	6	39	12	0.655549
35	6	39	13	-1.44247
35	6	39	14	0.633118
35	6	39	15	45.8764
35	6	39	16	2.02559
35	6	39	17	-1.28449
35	6	39	18	-1.47889
35	6	39	19	4.77793
35	6	39	20	461.523
35	6	39	21	6.22118
35	7	39	1	-1.90177
35	7	39	2	19.9669
35	7	39	3	-1.89978
35	7	39	4	-1.89034
35	7	39	5	-1.90171
35	7	39	6	21.5611
35	7	39	7	-1.93009
35	7	39	8	177.806
35	7	39	9	-1.42387
35	7	39	10	17.5113
35	7	39	11	-2.05346
35	7	39	12	-1.70874
35	7	39	13	-1.88983
35	7	39	14	-1.80906
35	7	39	15	32.2841
35	7	39	16	-1.60693
35	7	39	17	-1.89019
35	7	39	18	-1.93149
35	7	39	19	-1.63178
35	7	39	20	176.792
35	7	39	21	-1.83762
35	8	39	1	-1.80158
35	8	39	2	12.6906
35	8	39	3	-1.81663
35	8	39	4	-1.84589
35	8	39	5	-1.8198
35	8	39	6	2.01929
35	8	39	7	-1.40978
35	8	39	8	45.6647
35	8	39	9	6.03474
35	8	39	10	-1.63615
35	8	39	11	-0.288765
35	8	39	12	-0.326856
35	8	39	13	-1.84645
35	8	39	14	-1.87749
35	8	39	15	50.8395
35	8	39	16	-1.52747
35	8	39	17	-1.84551
35	8	39	18	-1.82265
35	8	39	19	-1.47243
35	8	39	20	-0.163628
35	8	39	21	-1.23093
35	9	39	1	1.00987
35	9	39	2	1271.73
35	9	39	3	-0.0354664
35	9	39	4	-1.21616
35	9	39	5	-0.192544
35	9	39	6	797.072
35	9	39	7	2.61639
35	9	39	8	1278.08
35	9	39	9	344.378
35	9	39	10	6.00944
35	9	39	11	180.449
35	9	39	12	94.5168
35	9	39	13	-1.24013
35	9	39	14	-0.448707
35	9	39	15	494.756
35	9	39	16	41.2175
35	9	39	17	-0.553094
35	9	39	18	0.115788
35	9	39	19	1.43073
35	9	39	20	21.8577
35	9	39	21	166.764
35	10	39	1	-1.87681
35	10	39	2	1.19806
35	10	39	3	-1.87552
35	10	39	4	-1.86574
35	10	39	5	-1.87715
35	10	39	6	-0.508756
35	10	39	7	-1.89253
35	10	39	8	41.252
35	10	39	9	-0.641242
35	10	39	10	-1.82016
35	10	39	11	-2.08047
35	10	39	12	-1.84729
35	10	39	13	-1.86637
35	10	39	14	-1.90054
35	10	39	15	36.6111
35	10	39	16	-1.97754
35	10	39	17	-1.86525
35	10	39	18	-1.90741
35	10	39	19	-1.57335
35	10	39	20	-0.581072
35	10	39	21	-2.08264
35	11	39	1	-1.85887
35	11	39	2	65.0205
35	11	39	3	-1.91527
35	11	39	4	-1.90164
35	11	39	5	-1.92225
35	11	39	6	49.8034
35	11	39	7	-1.15347
35	11	39	8	215.804
35	11	39	9	33.3454
35	11	39	10	-2.00567
35	11	39	11	1.43153
35	11	39	12	-0.393172
35	11	39	13	-1.90231
35	11	39	14	-1.94384
35	11	39	15	330.035
35	11	39	16	-1.87388
35	11	39	17	-1.90126
35	11	39	18	-1.90335
35	11	39	19	-1.72585
35	11	39	20	-0.49515
35	11	39	21	-0.0111831
37	1	38	1	0.0311784
37	1	39	1	0.0287976
37	1	39	2	0.0209699
37	1	39	3	0.0284524
37	1	39	4	0.0283235
37	1	39	5	0.0285233
37	1	39	6	0.0210646
37	1	39	7	0.0276896
37	1	39	8	0.0208036
37	1	39	9	0.013147
37	1	39	10	0.0214503
37	1	39	11	0.0225506
37	1	39	12	0.0295767
37	1	39	13	0.0280073
37	1	39	14	0.0285097
37	1	39	15	-0.0130288
37	1	39	16	0.0295645
37	1	39	17	0.028354
37	1	39	18	0.0276148
37	1	39	19	0.0205643
37	1	39	20	0.0207144
37	1	39	21	0.0221579
38	1	39	1	0.277544
38	1	39	2	0.185142
38	1	39	3	0.277581
38	1	39	4	0.232916
38	1	39	5	0.277675
38	1	39	6	0.187022
38	1	39	7	0.277154
38	1	39	8	0.209869
38	1	39	9	0.190961
38	1	39	10	0.0465356
38	1	39	11	0.185002
38	1	39	12	0.277868
38	1	39	13	0.234589
38	1	39	14	0.224998
38	1	39	15	0.282163
38	1	39	16	0.277441
38	1	39	17	0.2345
38	1	39	18	0.277454
38	1	39	19	0.0408982
38	1	39	20	0.168294
38	1	39	21	0.185572
[END TWOBODY SEQPOS1/ROTINDEX1/SEQPOS2/ROTINDEX2/ENERGY]
