[BEGIN ONEBODY SEQPOS/ROTINDEX/ENERGY]
3	1	2.44798
3	2	2.99226
4	1	0.749267
5	1	-2.5593
6	1	-0.195527
6	2	2.50843
7	1	3.06068
8	1	3.22403
9	1	2.2118
9	2	3.2526
10	1	3.30082
11	1	3.58613
11	2	4.36338
11	3	4.95206
12	1	2.21088
12	2	3.25124
13	1	2.20148
13	2	3.24153
14	1	2.20323
15	1	2.21196
16	1	2.20679
16	2	3.2464
17	1	3.23027
18	1	3.25068
19	1	2.2118
19	2	3.2526
20	1	3.30082
21	1	3.58613
21	2	4.36338
21	3	4.95206
22	1	2.21088
22	2	3.25124
23	1	2.13203
23	2	3.18747
24	1	2.01657
25	1	2.21196
26	1	2.20679
26	2	3.2464
27	1	3.23066
28	1	3.25068
29	1	2.2118
29	2	3.2526
30	1	3.30082
31	1	12.6976
31	2	14.6654
31	3	17.0407
33	1	2.18275
33	2	2.74663
34	1	2.05467
35	1	-1.57137
36	1	-3.37897
36	2	-0.691042
37	1	3.10914
38	1	4.41057
[END ONEBODY SEQPOS/ROTINDEX/ENERGY]
[BEGIN TWOBODY SEQPOS1/ROTINDEX1/SEQPOS2/ROTINDEX2/ENERGY]
3	1	4	1	-0.0358727
3	2	4	1	-0.00122109
3	1	5	1	0.0271266
3	2	5	1	0.0271037
3	1	6	1	-1.58887
3	1	6	2	-1.298
3	2	6	1	-1.965
3	2	6	2	-1.33868
3	1	7	1	-0.773411
3	2	7	1	-0.766981
3	1	8	1	-0.167654
3	2	8	1	-0.167654
3	1	16	1	-0.000246826
3	1	16	2	-0.00020489
3	2	16	1	-0.000118338
3	2	16	2	-8.492e-05
3	1	17	1	50.536
3	2	17	1	45.8905
3	1	18	1	-0.00322626
3	2	18	1	-0.00169396
3	1	20	1	15.051
3	2	20	1	9.42914
3	1	38	1	-0.0249664
3	2	38	1	-0.0249664
4	1	5	1	-0.0358652
4	1	6	1	0.0292474
4	1	6	2	0.0226309
4	1	7	1	-1.30742
4	1	8	1	-0.391816
4	1	9	1	-0.161464
4	1	9	2	-0.163361
4	1	10	1	-3.23262e-06
4	1	14	1	-0.185192
4	1	16	1	-0.000477204
4	1	16	2	-0.000477204
4	1	17	1	67.9788
4	1	18	1	10.8231
4	1	19	1	-0.033915
4	1	19	2	-0.033915
4	1	20	1	-0.314416
4	1	21	1	-0.0455367
4	1	21	2	-0.670749
4	1	21	3	-0.0415643
4	1	24	1	17.9854
4	1	25	1	-0.000741188
4	1	28	1	-0.188244
4	1	34	1	-0.0916986
4	1	35	1	-0.00338536
4	1	37	1	-0.0466531
4	1	38	1	504.802
5	1	6	1	-0.040914
5	1	6	2	-0.655417
5	1	7	1	0.0229845
5	1	8	1	-1.29678
5	1	9	1	-2.91467
5	1	9	2	-0.886056
5	1	10	1	-0.184876
5	1	17	1	-0.0450516
5	1	18	1	-0.000750839
5	1	24	1	-0.000741188
5	1	34	1	-0.00338536
5	1	35	1	-0.324416
5	1	37	1	-4.56509e-05
5	1	38	1	176.117
6	1	7	1	-0.656066
6	2	7	1	-0.589144
6	1	8	1	0.0208743
6	2	8	1	0.0208296
6	1	9	1	-1.58594
6	1	9	2	-1.29122
6	2	9	1	-1.96955
6	2	9	2	-1.33327
6	1	10	1	0.941861
6	2	10	1	0.973973
6	1	13	1	-0.000246826
6	1	13	2	-0.000118338
6	2	13	1	-0.00020489
6	2	13	2	-8.492e-05
6	1	14	1	-0.000477204
6	2	14	1	-0.000477204
6	1	17	1	0.0318734
6	2	17	1	0.03178
6	1	38	1	-0.0595171
6	2	38	1	-0.0595247
7	1	8	1	-0.584732
7	1	9	1	0.0278432
7	1	9	2	0.0211409
7	1	10	1	18.0184
7	1	11	1	-0.00038679
7	1	11	2	-0.00038679
7	1	11	3	-0.00038679
7	1	12	1	-0.0109526
7	1	12	2	-0.0109526
7	1	13	1	50.536
7	1	13	2	45.8905
7	1	14	1	67.9788
7	1	15	1	-0.0450516
7	1	16	1	0.0318734
7	1	16	2	0.03178
7	1	17	1	381.198
7	1	18	1	0.0074584
7	1	20	1	-0.00809412
7	1	28	1	-0.178803
7	1	31	1	0
7	1	31	2	-0.050617
7	1	31	3	0
7	1	34	1	-0.0466531
7	1	35	1	-4.56509e-05
7	1	38	1	0.0354626
8	1	9	1	-0.0036487
8	1	9	2	-0.586029
8	1	10	1	0.881778
8	1	13	1	-0.00322626
8	1	13	2	-0.00169396
8	1	14	1	10.8231
8	1	15	1	-0.000750839
8	1	17	1	0.0074584
8	1	18	1	-0.720122
8	1	24	1	-0.188244
8	1	27	1	-0.178803
8	1	28	1	58.9561
8	1	31	1	-0.4727
8	1	31	2	2.31603
8	1	31	3	-0.0681812
8	1	33	1	-0.0249664
8	1	33	2	-0.0249664
8	1	34	1	504.802
8	1	35	1	176.117
8	1	36	1	-0.0595171
8	1	36	2	-0.0595247
8	1	37	1	0.0354626
8	1	38	1	151.402
9	1	10	1	-0.673457
9	2	10	1	-0.62127
9	1	14	1	-0.033915
9	2	14	1	-0.033915
9	1	31	1	-0.165579
9	1	31	2	-0.508249
9	1	31	3	-0.0026898
9	2	31	1	-0.165839
9	2	31	2	-0.505898
9	2	31	3	-0.00304815
9	1	34	1	-0.0173277
9	2	34	1	-0.0173277
9	1	35	1	-1.1887
9	2	35	1	-2.01103
9	1	38	1	0.020268
9	2	38	1	0.0210609
10	1	11	1	0
10	1	11	2	0
10	1	11	3	0
10	1	13	1	15.051
10	1	13	2	9.42914
10	1	14	1	-0.314416
10	1	17	1	-0.00809412
10	1	31	1	-0.139964
10	1	31	2	-0.467882
10	1	31	3	-0.0246362
10	1	35	1	-0.0019492
11	1	12	1	8.87883
11	1	12	2	8.28909
11	2	12	1	10.0688
11	2	12	2	9.23898
11	3	12	1	12.0185
11	3	12	2	11.0445
11	1	13	1	0.280065
11	1	13	2	0.260467
11	2	13	1	0.278317
11	2	13	2	0.258719
11	3	13	1	0.283556
11	3	13	2	0.263957
11	1	14	1	-1.44886
11	2	14	1	-1.83477
11	3	14	1	-1.44599
11	1	15	1	-2.89719
11	2	15	1	-3.09318
11	3	15	1	-2.22331
11	1	16	1	-0.170978
11	1	16	2	-0.172433
11	2	16	1	-0.170978
11	2	16	2	-0.172433
11	3	16	1	-0.170978
11	3	16	2	-0.172433
11	1	27	1	0
11	2	27	1	-0.050617
11	3	27	1	0
11	1	28	1	-0.4727
11	2	28	1	2.31603
11	3	28	1	-0.0681812
11	1	29	1	-0.165579
11	1	29	2	-0.165839
11	2	29	1	-0.508249
11	2	29	2	-0.505898
11	3	29	1	-0.0026898
11	3	29	2	-0.00304815
11	1	30	1	-0.139964
11	2	30	1	-0.467882
11	3	30	1	-0.0246362
11	1	31	1	-1.56734e-06
11	1	31	2	0
11	1	31	3	-3.95936e-05
11	2	31	1	0
11	2	31	2	0
11	2	31	3	0
11	3	31	1	-3.95936e-05
11	3	31	2	0
11	3	31	3	-0.00010925
11	1	34	1	-0.0455366
11	2	34	1	-0.670749
11	3	34	1	-0.0415643
12	1	13	1	-0.040937
12	1	13	2	-0.65667
12	2	13	1	-0.0067979
12	2	13	2	-0.589984
12	1	14	1	0.0282133
12	2	14	1	0.028178
12	1	15	1	-1.59252
12	2	15	1	-1.99123
12	1	16	1	-2.89956
12	1	16	2	-1.04433
12	2	16	1	-2.88088
12	2	16	2	-1.0407
12	1	17	1	-0.180931
12	2	17	1	-0.180931
12	1	28	1	-0.0472176
12	2	28	1	-0.0472176
13	1	14	1	-0.0358727
13	2	14	1	-0.00122109
13	1	15	1	0.0271266
13	2	15	1	0.0271037
13	1	16	1	-1.58887
13	1	16	2	-1.298
13	2	16	1	-1.965
13	2	16	2	-1.33868
13	1	17	1	-0.773411
13	2	17	1	-0.766981
13	1	18	1	-0.167654
13	2	18	1	-0.167654
13	1	28	1	-0.0249664
13	2	28	1	-0.0249664
14	1	15	1	-0.0358652
14	1	16	1	0.0292474
14	1	16	2	0.0226309
14	1	17	1	-1.30742
14	1	18	1	-0.391816
14	1	19	1	-0.161464
14	1	19	2	-0.163361
14	1	20	1	-3.23262e-06
14	1	24	1	-0.0916986
14	1	25	1	-0.00338536
14	1	27	1	-0.0466531
14	1	28	1	504.802
14	1	29	1	-0.0173277
14	1	29	2	-0.0173277
14	1	31	1	-0.0455367
14	1	31	2	-0.670749
14	1	31	3	-0.0415643
14	1	34	1	17.9854
14	1	35	1	-0.000741188
14	1	38	1	-0.188244
15	1	16	1	-0.040914
15	1	16	2	-0.655417
15	1	17	1	0.0229845
15	1	18	1	-1.29678
15	1	19	1	-2.91467
15	1	19	2	-0.886056
15	1	20	1	-0.184876
15	1	24	1	-0.00338536
15	1	25	1	-0.324416
15	1	27	1	-4.56509e-05
15	1	28	1	176.117
15	1	29	1	-1.1887
15	1	29	2	-2.01103
15	1	30	1	-0.0019492
15	1	34	1	-0.000741188
16	1	17	1	-0.656066
16	2	17	1	-0.589144
16	1	18	1	0.0208743
16	2	18	1	0.0208296
16	1	19	1	-1.58594
16	1	19	2	-1.29122
16	2	19	1	-1.96955
16	2	19	2	-1.33327
16	1	20	1	0.941861
16	2	20	1	0.973973
16	1	28	1	-0.0595171
16	2	28	1	-0.0595247
17	1	18	1	-0.584732
17	1	19	1	0.0278432
17	1	19	2	0.0211409
17	1	20	1	18.0184
17	1	21	1	0
17	1	21	2	-0.050617
17	1	21	3	0
17	1	24	1	-0.0466531
17	1	25	1	-4.56509e-05
17	1	28	1	0.0354626
17	1	38	1	-0.178803
18	1	19	1	-0.0036487
18	1	19	2	-0.586029
18	1	20	1	0.881778
18	1	21	1	-0.4727
18	1	21	2	2.31603
18	1	21	3	-0.0681812
18	1	22	1	-0.0472176
18	1	22	2	-0.0472176
18	1	23	1	-0.0249664
18	1	23	2	-0.0249664
18	1	24	1	504.802
18	1	25	1	176.117
18	1	26	1	-0.0595171
18	1	26	2	-0.0595247
18	1	27	1	0.0354626
18	1	28	1	151.402
18	1	29	1	0.020268
18	1	29	2	0.0210609
18	1	34	1	-0.188244
18	1	37	1	-0.178803
18	1	38	1	58.9561
19	1	20	1	-0.673457
19	2	20	1	-0.62127
19	1	21	1	-0.165579
19	1	21	2	-0.508249
19	1	21	3	-0.0026898
19	2	21	1	-0.165839
19	2	21	2	-0.505898
19	2	21	3	-0.00304815
19	1	24	1	-0.0173277
19	2	24	1	-0.0173277
19	1	25	1	-1.1887
19	2	25	1	-2.01103
19	1	28	1	0.020268
19	2	28	1	0.0210609
19	1	29	1	-0.000384663
19	1	29	2	0.00308706
19	2	29	1	0.00308706
19	2	29	2	0.00208749
20	1	21	1	-0.139964
20	1	21	2	-0.467882
20	1	21	3	-0.0246362
20	1	25	1	-0.0019492
21	1	22	1	8.87883
21	1	22	2	8.28909
21	2	22	1	10.0688
21	2	22	2	9.23898
21	3	22	1	12.0185
21	3	22	2	11.0445
21	1	23	1	0.280065
21	1	23	2	0.260467
21	2	23	1	0.278317
21	2	23	2	0.258719
21	3	23	1	0.283556
21	3	23	2	0.263957
21	1	24	1	-1.44886
21	2	24	1	-1.83477
21	3	24	1	-1.44599
21	1	25	1	-2.89719
21	2	25	1	-3.09318
21	3	25	1	-2.22331
21	1	26	1	-0.170978
21	1	26	2	-0.172433
21	2	26	1	-0.170978
21	2	26	2	-0.172433
21	3	26	1	-0.170978
21	3	26	2	-0.172433
21	1	37	1	-0.00038679
21	2	37	1	-0.00038679
21	3	37	1	-0.00038679
22	1	23	1	-0.040937
22	1	23	2	-0.65667
22	2	23	1	-0.0067979
22	2	23	2	-0.589984
22	1	24	1	0.0282133
22	2	24	1	0.028178
22	1	25	1	-1.59252
22	2	25	1	-1.99123
22	1	26	1	-2.89956
22	1	26	2	-1.04433
22	2	26	1	-2.88088
22	2	26	2	-1.0407
22	1	27	1	-0.180931
22	2	27	1	-0.180931
22	1	37	1	-0.0109526
22	2	37	1	-0.0109526
23	1	24	1	-0.0358727
23	2	24	1	-0.00122109
23	1	25	1	0.0271266
23	2	25	1	0.0271037
23	1	26	1	-1.58887
23	1	26	2	-1.298
23	2	26	1	-1.965
23	2	26	2	-1.33868
23	1	27	1	-0.773411
23	2	27	1	-0.766981
23	1	28	1	-0.167654
23	2	28	1	-0.167654
23	1	36	1	-0.000246826
23	1	36	2	-0.00020489
23	2	36	1	-0.000118338
23	2	36	2	-8.492e-05
23	1	37	1	50.536
23	2	37	1	45.8905
23	1	38	1	-0.00322626
23	2	38	1	-0.00169396
24	1	25	1	-0.0358652
24	1	26	1	0.0292474
24	1	26	2	0.0226309
24	1	27	1	-1.30742
24	1	28	1	-0.391816
24	1	29	1	-0.161464
24	1	29	2	-0.163361
24	1	30	1	-3.23262e-06
24	1	34	1	-0.185192
24	1	36	1	-0.000477204
24	1	36	2	-0.000477204
24	1	37	1	67.9788
24	1	38	1	10.8231
25	1	26	1	-0.040914
25	1	26	2	-0.655417
25	1	27	1	0.0229845
25	1	28	1	-1.29678
25	1	29	1	-2.91467
25	1	29	2	-0.886056
25	1	30	1	-0.184876
25	1	37	1	-0.0450516
25	1	38	1	-0.000750839
26	1	27	1	-0.656066
26	2	27	1	-0.589144
26	1	28	1	0.0208743
26	2	28	1	0.0208296
26	1	29	1	-1.58594
26	1	29	2	-1.29122
26	2	29	1	-1.96955
26	2	29	2	-1.33327
26	1	30	1	0.941861
26	2	30	1	0.973973
26	1	33	1	-0.000246826
26	1	33	2	-0.000118338
26	2	33	1	-0.00020489
26	2	33	2	-8.492e-05
26	1	34	1	-0.000477204
26	2	34	1	-0.000477204
26	1	37	1	0.0318734
26	2	37	1	0.03178
27	1	28	1	-0.584732
27	1	29	1	0.0278432
27	1	29	2	0.0211409
27	1	30	1	18.0184
27	1	31	1	-0.00038679
27	1	31	2	-0.00038679
27	1	31	3	-0.00038679
27	1	33	1	50.536
27	1	33	2	45.8905
27	1	34	1	67.9788
27	1	35	1	-0.0450516
27	1	36	1	0.0318734
27	1	36	2	0.03178
27	1	37	1	381.198
27	1	38	1	0.0074584
28	1	29	1	-0.0036487
28	1	29	2	-0.586029
28	1	30	1	0.881778
28	1	33	1	-0.00322626
28	1	33	2	-0.00169396
28	1	34	1	10.8231
28	1	35	1	-0.000750839
28	1	37	1	0.0074584
28	1	38	1	-0.720122
29	1	30	1	-0.673457
29	2	30	1	-0.62127
29	1	34	1	-0.033915
29	2	34	1	-0.033915
30	1	31	1	0
30	1	31	2	0
30	1	31	3	0
30	1	33	1	15.051
30	1	33	2	9.42914
30	1	34	1	-0.314416
30	1	37	1	-0.00809412
31	1	33	1	0.280065
31	1	33	2	0.260467
31	2	33	1	0.278317
31	2	33	2	0.258719
31	3	33	1	0.283556
31	3	33	2	0.263957
31	1	34	1	-1.44886
31	2	34	1	-1.83477
31	3	34	1	-1.44599
31	1	35	1	-2.89719
31	2	35	1	-3.09318
31	3	35	1	-2.22331
31	1	36	1	-0.170978
31	1	36	2	-0.172433
31	2	36	1	-0.170978
31	2	36	2	-0.172433
31	3	36	1	-0.170978
31	3	36	2	-0.172433
33	1	34	1	-0.0358727
33	2	34	1	-0.00122109
33	1	35	1	0.0271266
33	2	35	1	0.0271037
33	1	36	1	-1.58887
33	1	36	2	-1.298
33	2	36	1	-1.965
33	2	36	2	-1.33868
33	1	37	1	-0.773411
33	2	37	1	-0.766981
33	1	38	1	-0.167654
33	2	38	1	-0.167654
34	1	35	1	-0.0358652
34	1	36	1	0.0292474
34	1	36	2	0.0226309
34	1	37	1	-1.30742
34	1	38	1	-0.391816
35	1	36	1	-0.040914
35	1	36	2	-0.655417
35	1	37	1	0.0229845
35	1	38	1	-1.29678
36	1	37	1	-0.656066
36	2	37	1	-0.589144
36	1	38	1	0.0208743
36	2	38	1	0.0208296
37	1	38	1	-0.584732
[END TWOBODY SEQPOS1/ROTINDEX1/SEQPOS2/ROTINDEX2/ENERGY]
