[BEGIN ONEBODY SEQPOS/ROTINDEX/ENERGY]
4	1	17.0637
4	2	17.2881
4	3	17.3616
4	4	17.4651
4	5	17.4004
4	6	17.9259
4	7	17.9573
4	8	18.0171
4	9	17.7968
4	10	17.9666
4	11	18.3984
4	12	18.3448
4	13	17.9742
4	14	17.5078
4	15	16.8528
4	16	16.7619
38	1	117.819
[END ONEBODY SEQPOS/ROTINDEX/ENERGY]
[BEGIN TWOBODY SEQPOS1/ROTINDEX1/SEQPOS2/ROTINDEX2/ENERGY]
4	1	38	1	64.8158
4	2	38	1	65.1375
4	3	38	1	65.9239
4	4	38	1	66.7603
4	5	38	1	67.245
4	6	38	1	66.3388
4	7	38	1	64.8129
4	8	38	1	64.5852
4	9	38	1	64.5965
4	10	38	1	64.5528
4	11	38	1	64.5574
4	12	38	1	64.5955
4	13	38	1	64.5196
4	14	38	1	64.6344
4	15	38	1	64.7641
4	16	38	1	64.7556
[END TWOBODY SEQPOS1/ROTINDEX1/SEQPOS2/ROTINDEX2/ENERGY]
