[BEGIN ONEBODY SEQPOS/ROTINDEX/ENERGY]
14	1	1.78567
14	2	-0.219811
14	3	-2.35495
14	4	-0.525431
14	5	0.152911
14	6	1.96224
15	1	-4.42193
15	2	-3.6124
15	3	-3.26773
15	4	-3.44782
15	5	-3.23553
15	6	-3.73261
15	7	-3.89339
15	8	-3.19882
15	9	-2.22882
15	10	2.70176
15	11	-2.69321
15	12	-2.78081
15	13	-2.02956
15	14	-2.99609
18	1	24.8303
27	1	52.2315
28	1	6.36125
28	2	1.87429
28	3	3.16449
29	1	-2.5277
29	2	-3.2606
29	3	-1.61571
29	4	-1.44064
29	5	-1.56922
29	6	-2.2437
29	7	-1.34427
29	8	-1.12448
29	9	-1.89972
29	10	-1.27401
29	11	-1.98159
29	12	-1.27875
29	13	-0.254019
29	14	-0.278188
29	15	3.73434
29	16	-0.440099
29	17	-0.436875
29	18	-0.1545
29	19	-0.260865
29	20	0.42191
29	21	-0.847193
34	1	-4.57906
34	2	-2.5101
34	3	-4.79595
34	4	-4.3894
34	5	-3.89096
34	6	-0.680475
34	7	-1.49945
34	8	-0.325669
[END ONEBODY SEQPOS/ROTINDEX/ENERGY]
[BEGIN TWOBODY SEQPOS1/ROTINDEX1/SEQPOS2/ROTINDEX2/ENERGY]
14	1	15	1	0.270744
14	1	15	2	0.270826
14	1	15	3	0.226225
14	1	15	4	0.270909
14	1	15	5	0.270437
14	1	15	6	0.182829
14	1	15	7	0.176469
14	1	15	8	0.270943
14	1	15	9	0.227908
14	1	15	10	0.276715
14	1	15	11	0.270467
14	1	15	12	0.227833
14	1	15	13	0.270738
14	1	15	14	0.177108
14	2	15	1	0.195577
14	2	15	2	0.195706
14	2	15	3	0.150741
14	2	15	4	0.195779
14	2	15	5	0.195351
14	2	15	6	0.0933648
14	2	15	7	0.0828152
14	2	15	8	0.195632
14	2	15	9	0.152522
14	2	15	10	0.186613
14	2	15	11	0.19513
14	2	15	12	0.152354
14	2	15	13	0.195657
14	2	15	14	0.0843406
14	3	15	1	0.270916
14	3	15	2	0.271003
14	3	15	3	0.226404
14	3	15	4	0.271085
14	3	15	5	0.270618
14	3	15	6	0.183458
14	3	15	7	0.177359
14	3	15	8	0.271106
14	3	15	9	0.228092
14	3	15	10	0.280449
14	3	15	11	0.270631
14	3	15	12	0.228011
14	3	15	13	0.270918
14	3	15	14	0.177952
14	4	15	1	0.267435
14	4	15	2	0.267514
14	4	15	3	0.222911
14	4	15	4	0.267598
14	4	15	5	0.267122
14	4	15	6	0.179584
14	4	15	7	0.173025
14	4	15	8	0.267647
14	4	15	9	0.224591
14	4	15	10	0.273365
14	4	15	11	0.267178
14	4	15	12	0.224519
14	4	15	13	0.267422
14	4	15	14	0.173704
14	5	15	1	0.284333
14	5	15	2	0.284428
14	5	15	3	0.239832
14	5	15	4	0.284509
14	5	15	5	0.284048
14	5	15	6	0.196238
14	5	15	7	0.190237
14	5	15	8	0.284496
14	5	15	9	0.241528
14	5	15	10	0.295502
14	5	15	11	0.284013
14	5	15	12	0.241438
14	5	15	13	0.28435
14	5	15	14	0.190793
14	6	15	1	0.408414
14	6	15	2	0.408278
14	6	15	3	0.363588
14	6	15	4	0.408407
14	6	15	5	0.407724
14	6	15	6	0.359838
14	6	15	7	0.352961
14	6	15	8	0.409107
14	6	15	9	0.365038
14	6	15	10	0.604301
14	6	15	11	0.408618
14	6	15	12	0.365218
14	6	15	13	0.407998
14	6	15	14	0.354426
14	1	18	1	19.177
14	2	18	1	139.795
14	3	18	1	19.1809
14	4	18	1	20.1905
14	5	18	1	19.1715
14	6	18	1	19.3604
14	1	27	1	-0.000663525
14	2	27	1	-0.172653
14	3	27	1	-0.0853509
14	4	27	1	-0.174562
14	5	27	1	-0.00176732
14	6	27	1	-0.0832145
14	1	28	1	137.657
14	1	28	2	107.104
14	1	28	3	116.145
14	2	28	1	994.281
14	2	28	2	955.243
14	2	28	3	815.963
14	3	28	1	133.388
14	3	28	2	107.15
14	3	28	3	116.203
14	4	28	1	170.083
14	4	28	2	119.28
14	4	28	3	129.896
14	5	28	1	128.215
14	5	28	2	105.861
14	5	28	3	114.806
14	6	28	1	134.034
14	6	28	2	107.91
14	6	28	3	116.965
14	1	29	1	0
14	1	29	2	0
14	1	29	3	0
14	1	29	4	0
14	1	29	5	0
14	1	29	6	0
14	1	29	7	0
14	1	29	8	0
14	1	29	9	0
14	1	29	10	0
14	1	29	11	0
14	1	29	12	0
14	1	29	13	0
14	1	29	14	0
14	1	29	15	0
14	1	29	16	0
14	1	29	17	0
14	1	29	18	0
14	1	29	19	0
14	1	29	20	-2.51919e-06
14	1	29	21	0
14	2	29	1	-0.0199436
14	2	29	2	-0.0199436
14	2	29	3	-0.0199436
14	2	29	4	-0.0199436
14	2	29	5	-0.0199436
14	2	29	6	-0.0199436
14	2	29	7	-0.0199436
14	2	29	8	-0.0199436
14	2	29	9	-0.0199436
14	2	29	10	-0.0199436
14	2	29	11	-0.0199436
14	2	29	12	-0.0199436
14	2	29	13	-0.0199436
14	2	29	14	-0.0199436
14	2	29	15	-0.0199436
14	2	29	16	-0.0199436
14	2	29	17	-0.0199436
14	2	29	18	-0.0199436
14	2	29	19	-0.0199436
14	2	29	20	-0.0199461
14	2	29	21	-0.0199436
14	3	29	1	0
14	3	29	2	0
14	3	29	3	0
14	3	29	4	0
14	3	29	5	0
14	3	29	6	0
14	3	29	7	0
14	3	29	8	0
14	3	29	9	0
14	3	29	10	0
14	3	29	11	0
14	3	29	12	0
14	3	29	13	0
14	3	29	14	0
14	3	29	15	0
14	3	29	16	0
14	3	29	17	0
14	3	29	18	0
14	3	29	19	0
14	3	29	20	-2.51919e-06
14	3	29	21	0
14	4	29	1	-4.70617e-05
14	4	29	2	-4.70617e-05
14	4	29	3	-4.70617e-05
14	4	29	4	-4.70617e-05
14	4	29	5	-4.70617e-05
14	4	29	6	-4.70617e-05
14	4	29	7	-4.70617e-05
14	4	29	8	-4.70617e-05
14	4	29	9	-4.70617e-05
14	4	29	10	-4.70617e-05
14	4	29	11	-4.70617e-05
14	4	29	12	-4.70617e-05
14	4	29	13	-4.70617e-05
14	4	29	14	-4.70617e-05
14	4	29	15	-4.70617e-05
14	4	29	16	-4.70617e-05
14	4	29	17	-4.70617e-05
14	4	29	18	-4.70617e-05
14	4	29	19	-4.70617e-05
14	4	29	20	-4.95809e-05
14	4	29	21	-4.70617e-05
14	5	29	1	0
14	5	29	2	0
14	5	29	3	0
14	5	29	4	0
14	5	29	5	0
14	5	29	6	0
14	5	29	7	0
14	5	29	8	0
14	5	29	9	0
14	5	29	10	0
14	5	29	11	0
14	5	29	12	0
14	5	29	13	0
14	5	29	14	0
14	5	29	15	0
14	5	29	16	0
14	5	29	17	0
14	5	29	18	0
14	5	29	19	0
14	5	29	20	-2.51919e-06
14	5	29	21	0
14	6	29	1	-0.0190312
14	6	29	2	-0.0190312
14	6	29	3	-0.0190312
14	6	29	4	-0.0190312
14	6	29	5	-0.0190312
14	6	29	6	-0.0190312
14	6	29	7	-0.0190312
14	6	29	8	-0.0190312
14	6	29	9	-0.0190312
14	6	29	10	-0.0190312
14	6	29	11	-0.0190312
14	6	29	12	-0.0190312
14	6	29	13	-0.0190312
14	6	29	14	-0.0190312
14	6	29	15	-0.0190312
14	6	29	16	-0.0190312
14	6	29	17	-0.0190312
14	6	29	18	-0.0190312
14	6	29	19	-0.0190312
14	6	29	20	-0.0190337
14	6	29	21	-0.0190312
14	1	34	1	57.6417
14	1	34	2	832.519
14	1	34	3	47.2962
14	1	34	4	410.218
14	1	34	5	776.495
14	1	34	6	53.2234
14	1	34	7	247.232
14	1	34	8	759.697
14	2	34	1	832.519
14	2	34	2	2955.95
14	2	34	3	1963.51
14	2	34	4	906.896
14	2	34	5	1592.91
14	2	34	6	2036.53
14	2	34	7	866.249
14	2	34	8	940.063
14	3	34	1	410.218
14	3	34	2	906.896
14	3	34	3	64.0006
14	3	34	4	1469.61
14	3	34	5	1289.87
14	3	34	6	69.9549
14	3	34	7	945.781
14	3	34	8	1082.56
14	4	34	1	776.495
14	4	34	2	1592.91
14	4	34	3	368.74
14	4	34	4	1289.87
14	4	34	5	1782.81
14	4	34	6	375.568
14	4	34	7	1150.78
14	4	34	8	1493.27
14	5	34	1	247.232
14	5	34	2	866.249
14	5	34	3	56.8866
14	5	34	4	945.781
14	5	34	5	1150.78
14	5	34	6	62.6502
14	5	34	7	372.656
14	5	34	8	525.448
14	6	34	1	759.697
14	6	34	2	940.063
14	6	34	3	70.1494
14	6	34	4	1082.56
14	6	34	5	1493.27
14	6	34	6	76.0414
14	6	34	7	525.448
14	6	34	8	756.217
15	1	18	1	-1.37898
15	2	18	1	-1.37889
15	3	18	1	-1.39193
15	4	18	1	-1.37879
15	5	18	1	-1.3792
15	6	18	1	-1.36817
15	7	18	1	-1.36955
15	8	18	1	-1.37861
15	9	18	1	-1.40844
15	10	18	1	-1.36784
15	11	18	1	-1.37885
15	12	18	1	-1.42197
15	13	18	1	-1.37894
15	14	18	1	-1.36934
15	1	27	1	0
15	2	27	1	0
15	3	27	1	0
15	4	27	1	0
15	5	27	1	0
15	6	27	1	-0.000312722
15	7	27	1	-6.53626e-06
15	8	27	1	0
15	9	27	1	0
15	10	27	1	-0.00032976
15	11	27	1	0
15	12	27	1	0
15	13	27	1	0
15	14	27	1	-3.22304e-05
15	1	28	1	-0.600168
15	1	28	2	-0.620723
15	1	28	3	-0.495164
15	2	28	1	-0.592926
15	2	28	2	-0.613035
15	2	28	3	-0.487547
15	3	28	1	-0.738939
15	3	28	2	-0.759624
15	3	28	3	-0.634261
15	4	28	1	-0.598917
15	4	28	2	-0.619525
15	4	28	3	-0.493951
15	5	28	1	-0.601879
15	5	28	2	-0.622478
15	5	28	3	-0.496896
15	6	28	1	-1.06085
15	6	28	2	-1.09801
15	6	28	3	-0.969969
15	7	28	1	-1.15864
15	7	28	2	-1.18782
15	7	28	3	-1.06096
15	8	28	1	-0.701635
15	8	28	2	-0.722245
15	8	28	3	-0.596684
15	9	28	1	-0.894554
15	9	28	2	-0.915203
15	9	28	3	-0.789828
15	10	28	1	-1.24827
15	10	28	2	-1.28687
15	10	28	3	-1.15859
15	11	28	1	-0.302275
15	11	28	2	-0.322465
15	11	28	3	-0.196986
15	12	28	1	-0.891358
15	12	28	2	-0.911618
15	12	28	3	-0.78631
15	13	28	1	-0.599974
15	13	28	2	-0.620607
15	13	28	3	-0.495017
15	14	28	1	-0.914776
15	14	28	2	-0.944218
15	14	28	3	-0.81744
15	1	29	1	-0.10396
15	1	29	2	0.21176
15	1	29	3	0.495737
15	1	29	4	4.42086
15	1	29	5	-0.101908
15	1	29	6	22.9515
15	1	29	7	-0.130024
15	1	29	8	1.2433
15	1	29	9	-0.295302
15	1	29	10	949.742
15	1	29	11	-0.148217
15	1	29	12	0.22164
15	1	29	13	0.708138
15	1	29	14	219.221
15	1	29	15	-0.277919
15	1	29	16	4.4397
15	1	29	17	1.25511
15	1	29	18	-0.131933
15	1	29	19	119.423
15	1	29	20	403.32
15	1	29	21	3.0121
15	2	29	1	0.718077
15	2	29	2	20.481
15	2	29	3	0.983273
15	2	29	4	2.12706
15	2	29	5	0.642724
15	2	29	6	236.399
15	2	29	7	0.58383
15	2	29	8	38.449
15	2	29	9	2.38289
15	2	29	10	1202.33
15	2	29	11	2.76938
15	2	29	12	2.48409
15	2	29	13	1.05755
15	2	29	14	38.0316
15	2	29	15	2.64876
15	2	29	16	8.31325
15	2	29	17	1.55544
15	2	29	18	0.569173
15	2	29	19	120.759
15	2	29	20	927.871
15	2	29	21	7.13791
15	3	29	1	1.60619
15	3	29	2	277.227
15	3	29	3	1.61024
15	3	29	4	1.44777
15	3	29	5	1.55406
15	3	29	6	334.572
15	3	29	7	1.78731
15	3	29	8	570.262
15	3	29	9	52.0385
15	3	29	10	569.032
15	3	29	11	73.6492
15	3	29	12	4.78576
15	3	29	13	1.3958
15	3	29	14	6.0438
15	3	29	15	58.4404
15	3	29	16	6.32903
15	3	29	17	1.56093
15	3	29	18	1.63688
15	3	29	19	118.633
15	3	29	20	1343.93
15	3	29	21	72.8363
15	4	29	1	-0.2181
15	4	29	2	0.0122814
15	4	29	3	-0.162174
15	4	29	4	0.142982
15	4	29	5	-0.218083
15	4	29	6	22.8359
15	4	29	7	-0.215168
15	4	29	8	1.4041
15	4	29	9	-0.500809
15	4	29	10	771.968
15	4	29	11	-0.501504
15	4	29	12	-0.193764
15	4	29	13	-0.376401
15	4	29	14	50.1537
15	4	29	15	-0.471966
15	4	29	16	1.5186
15	4	29	17	-0.321581
15	4	29	18	-0.215015
15	4	29	19	36.6385
15	4	29	20	403.52
15	4	29	21	0.635495
15	5	29	1	-0.180929
15	5	29	2	-0.441289
15	5	29	3	-0.1763
15	5	29	4	0.779804
15	5	29	5	-0.180691
15	5	29	6	0.921146
15	5	29	7	-0.180028
15	5	29	8	-0.149344
15	5	29	9	-0.404922
15	5	29	10	180.376
15	5	29	11	-0.397538
15	5	29	12	-0.194219
15	5	29	13	-0.207748
15	5	29	14	6.29244
15	5	29	15	-0.389907
15	5	29	16	0.330728
15	5	29	17	-0.201002
15	5	29	18	-0.180095
15	5	29	19	3.95066
15	5	29	20	96.4366
15	5	29	21	-0.0761527
15	6	29	1	-0.391264
15	6	29	2	-0.573487
15	6	29	3	-0.344481
15	6	29	4	1.34118
15	6	29	5	-0.390684
15	6	29	6	-0.26024
15	6	29	7	-0.390198
15	6	29	8	-0.517633
15	6	29	9	-0.568033
15	6	29	10	10.9848
15	6	29	11	-0.568706
15	6	29	12	-0.40088
15	6	29	13	-0.267359
15	6	29	14	4.7054
15	6	29	15	-0.565269
15	6	29	16	-0.0908621
15	6	29	17	-0.288053
15	6	29	18	-0.38994
15	6	29	19	6.73026
15	6	29	20	6.175
15	6	29	21	-0.385738
15	7	29	1	-0.407695
15	7	29	2	0.0900575
15	7	29	3	0.154375
15	7	29	4	6.27156
15	7	29	5	-0.40708
15	7	29	6	2.25009
15	7	29	7	-0.422991
15	7	29	8	0.443197
15	7	29	9	0.41301
15	7	29	10	200.524
15	7	29	11	-0.0650266
15	7	29	12	-0.32585
15	7	29	13	1.26659
15	7	29	14	209.286
15	7	29	15	0.258108
15	7	29	16	2.05472
15	7	29	17	1.31999
15	7	29	18	-0.424919
15	7	29	19	114.861
15	7	29	20	88.2257
15	7	29	21	1.82254
15	8	29	1	-0.0249769
15	8	29	2	3.55328
15	8	29	3	0.882481
15	8	29	4	9.15436
15	8	29	5	-0.00164691
15	8	29	6	7.14649
15	8	29	7	-0.0816126
15	8	29	8	5.38711
15	8	29	9	6.79615
15	8	29	10	304.904
15	8	29	11	2.35956
15	8	29	12	0.0946444
15	8	29	13	3.43461
15	8	29	14	305.08
15	8	29	15	5.89467
15	8	29	16	3.49244
15	8	29	17	3.42233
15	8	29	18	-0.0829155
15	8	29	19	243.591
15	8	29	20	204.299
15	8	29	21	5.51756
15	9	29	1	-0.415806
15	9	29	2	31.6368
15	9	29	3	-0.397636
15	9	29	4	-0.479214
15	9	29	5	-0.413474
15	9	29	6	82.9225
15	9	29	7	-0.414036
15	9	29	8	95.4198
15	9	29	9	1.92598
15	9	29	10	519.276
15	9	29	11	2.33664
15	9	29	12	-0.119136
15	9	29	13	-0.524612
15	9	29	14	5.71693
15	9	29	15	2.73
15	9	29	16	1.22274
15	9	29	17	-0.505621
15	9	29	18	-0.411643
15	9	29	19	95.3683
15	9	29	20	1279.43
15	9	29	21	3.05712
15	10	29	1	-0.457931
15	10	29	2	-0.623149
15	10	29	3	-0.448577
15	10	29	4	-0.34855
15	10	29	5	-0.456931
15	10	29	6	-0.404443
15	10	29	7	-0.45591
15	10	29	8	-0.566623
15	10	29	9	-0.621271
15	10	29	10	6.15266
15	10	29	11	-0.619201
15	10	29	12	-0.467629
15	10	29	13	-0.613387
15	10	29	14	1.24223
15	10	29	15	-0.616457
15	10	29	16	-0.328229
15	10	29	17	-0.61007
15	10	29	18	-0.45561
15	10	29	19	2.50649
15	10	29	20	4.09239
15	10	29	21	-0.558999
15	11	29	1	5.51806
15	11	29	2	113.548
15	11	29	3	6.1961
15	11	29	4	42.0162
15	11	29	5	5.51668
15	11	29	6	122.6
15	11	29	7	5.32921
15	11	29	8	121.024
15	11	29	9	123.143
15	11	29	10	797.051
15	11	29	11	110.963
15	11	29	12	6.90146
15	11	29	13	49.9118
15	11	29	14	281.723
15	11	29	15	113.807
15	11	29	16	12.0441
15	11	29	17	37.0507
15	11	29	18	5.31848
15	11	29	19	588.674
15	11	29	20	705.102
15	11	29	21	116.648
15	12	29	1	0.72875
15	12	29	2	47.2202
15	12	29	3	1.09037
15	12	29	4	2.57367
15	12	29	5	0.637092
15	12	29	6	276.008
15	12	29	7	0.551858
15	12	29	8	133.836
15	12	29	9	4.50621
15	12	29	10	1159.72
15	12	29	11	5.20012
15	12	29	12	2.61576
15	12	29	13	1.43127
15	12	29	14	62.3101
15	12	29	15	5.09763
15	12	29	16	9.25774
15	12	29	17	2.0985
15	12	29	18	0.533884
15	12	29	19	210.295
15	12	29	20	1652.14
15	12	29	21	10.045
15	13	29	1	-0.172701
15	13	29	2	-0.442436
15	13	29	3	-0.167978
15	13	29	4	-0.136832
15	13	29	5	-0.172154
15	13	29	6	0.863678
15	13	29	7	-0.171108
15	13	29	8	-0.154253
15	13	29	9	-0.406604
15	13	29	10	177.025
15	13	29	11	-0.399375
15	13	29	12	-0.188739
15	13	29	13	-0.281669
15	13	29	14	2.86406
15	13	29	15	-0.389592
15	13	29	16	0.0947152
15	13	29	17	-0.281028
15	13	29	18	-0.171144
15	13	29	19	1.5224
15	13	29	20	97.1113
15	13	29	21	-0.25279
15	14	29	1	3.11484
15	14	29	2	74.5204
15	14	29	3	3.90203
15	14	29	4	44.5697
15	14	29	5	3.10067
15	14	29	6	83.244
15	14	29	7	2.86514
15	14	29	8	80.3053
15	14	29	9	81.1722
15	14	29	10	763.604
15	14	29	11	70.9456
15	14	29	12	4.55671
15	14	29	13	52.3738
15	14	29	14	365.575
15	14	29	15	75.8967
15	14	29	16	10.3588
15	14	29	17	39.3966
15	14	29	18	2.85479
15	14	29	19	549.515
15	14	29	20	608.454
15	14	29	21	77.2661
15	1	34	1	0.0565224
15	1	34	2	-0.0576594
15	1	34	3	0.045561
15	1	34	4	-0.00188157
15	1	34	5	0.141491
15	1	34	6	-0.177508
15	1	34	7	-0.00204703
15	1	34	8	-0.0029974
15	2	34	1	0.0564098
15	2	34	2	-0.0576876
15	2	34	3	0.0454107
15	2	34	4	-0.00188157
15	2	34	5	0.141364
15	2	34	6	-0.17751
15	2	34	7	-0.00204703
15	2	34	8	-0.00299739
15	3	34	1	0.0563641
15	3	34	2	-0.0572694
15	3	34	3	0.0871026
15	3	34	4	-0.00188157
15	3	34	5	0.141314
15	3	34	6	-0.177852
15	3	34	7	-0.00204703
15	3	34	8	-0.00299739
15	4	34	1	0.056433
15	4	34	2	-0.0576813
15	4	34	3	0.0454244
15	4	34	4	-0.00188157
15	4	34	5	0.14139
15	4	34	6	-0.17751
15	4	34	7	-0.00204703
15	4	34	8	-0.0029974
15	5	34	1	0.0563254
15	5	34	2	-0.0577124
15	5	34	3	0.0453538
15	5	34	4	-0.00188157
15	5	34	5	0.141273
15	5	34	6	-0.177512
15	5	34	7	-0.00204703
15	5	34	8	-0.00299738
15	6	34	1	0.09387
15	6	34	2	-0.0433101
15	6	34	3	0.0699569
15	6	34	4	-0.00206879
15	6	34	5	0.172681
15	6	34	6	-0.179787
15	6	34	7	-0.00239157
15	6	34	8	-0.00295934
15	7	34	1	0.0966935
15	7	34	2	-0.0447737
15	7	34	3	0.0719242
15	7	34	4	-0.00142343
15	7	34	5	0.174388
15	7	34	6	-0.179934
15	7	34	7	-0.00189405
15	7	34	8	-0.00208314
15	8	34	1	0.0567801
15	8	34	2	-0.0576177
15	8	34	3	0.0458737
15	8	34	4	-0.00188157
15	8	34	5	0.141809
15	8	34	6	-0.177501
15	8	34	7	-0.00204703
15	8	34	8	-0.00299741
15	9	34	1	0.0562466
15	9	34	2	-0.0577912
15	9	34	3	0.0883831
15	9	34	4	-0.00188157
15	9	34	5	0.141191
15	9	34	6	-0.177998
15	9	34	7	-0.00204703
15	9	34	8	-0.00299738
15	10	34	1	0.334707
15	10	34	2	-0.0426241
15	10	34	3	0.0685449
15	10	34	4	-0.00222811
15	10	34	5	0.25973
15	10	34	6	-0.179812
15	10	34	7	-0.00249397
15	10	34	8	-0.00311792
15	11	34	1	0.0567685
15	11	34	2	-0.0576181
15	11	34	3	0.0459272
15	11	34	4	-0.00188157
15	11	34	5	0.141804
15	11	34	6	-0.177501
15	11	34	7	-0.00204703
15	11	34	8	-0.00299741
15	12	34	1	0.0563757
15	12	34	2	-0.0568193
15	12	34	3	0.0860834
15	12	34	4	-0.00188157
15	12	34	5	0.141327
15	12	34	6	-0.177802
15	12	34	7	-0.00204703
15	12	34	8	-0.00299739
15	13	34	1	0.0563123
15	13	34	2	-0.0577165
15	13	34	3	0.0453177
15	13	34	4	-0.00188157
15	13	34	5	0.141259
15	13	34	6	-0.177512
15	13	34	7	-0.00204703
15	13	34	8	-0.00299738
15	14	34	1	0.0966031
15	14	34	2	-0.0442159
15	14	34	3	0.07148
15	14	34	4	-0.00150838
15	14	34	5	0.174312
15	14	34	6	-0.179926
15	14	34	7	-0.00195538
15	14	34	8	-0.00220882
18	1	27	1	-0.00182684
18	1	28	1	1307.77
18	1	28	2	1657.28
18	1	28	3	1612.43
18	1	29	1	0.0106566
18	1	29	2	0.0105588
18	1	29	3	0.0106566
18	1	29	4	0.0106566
18	1	29	5	0.0106566
18	1	29	6	0.0105696
18	1	29	7	0.0106566
18	1	29	8	0.0119327
18	1	29	9	0.0106034
18	1	29	10	0.0104398
18	1	29	11	0.0105674
18	1	29	12	0.0106566
18	1	29	13	0.0106566
18	1	29	14	0.0106566
18	1	29	15	0.0105322
18	1	29	16	0.0106566
18	1	29	17	0.0106566
18	1	29	18	0.0106566
18	1	29	19	0.010502
18	1	29	20	0.0314803
18	1	29	21	0.0105642
18	1	34	1	0.339029
18	1	34	2	224.912
18	1	34	3	857.774
18	1	34	4	0.427171
18	1	34	5	1.71392
18	1	34	6	1303.07
18	1	34	7	0.355285
18	1	34	8	0.645047
27	1	28	1	0.0530688
27	1	28	2	0.174498
27	1	28	3	0.0554666
27	1	29	1	0.0285068
27	1	29	2	0.0206538
27	1	29	3	0.0281566
27	1	29	4	0.0280258
27	1	29	5	0.0282278
27	1	29	6	0.0207496
27	1	29	7	0.0274017
27	1	29	8	0.0204897
27	1	29	9	0.0129072
27	1	29	10	0.021124
27	1	29	11	0.0222254
27	1	29	12	0.0293048
27	1	29	13	0.0277049
27	1	29	14	0.0282136
27	1	29	15	-0.0138517
27	1	29	16	0.029292
27	1	29	17	0.0280566
27	1	29	18	0.0273268
27	1	29	19	0.0202452
27	1	29	20	0.0203904
27	1	29	21	0.0218379
27	1	34	1	0.0169392
27	1	34	2	0.360043
27	1	34	3	0.59112
27	1	34	4	0.325221
27	1	34	5	0.100215
27	1	34	6	-0.0884442
27	1	34	7	0.202979
27	1	34	8	0.336517
28	1	29	1	0.273848
28	1	29	2	0.179692
28	1	29	3	0.273934
28	1	29	4	0.229259
28	1	29	5	0.274017
28	1	29	6	0.181625
28	1	29	7	0.273546
28	1	29	8	0.208398
28	1	29	9	0.185672
28	1	29	10	0.0404449
28	1	29	11	0.179465
28	1	29	12	0.274035
28	1	29	13	0.230988
28	1	29	14	0.221526
28	1	29	15	0.279192
28	1	29	16	0.273557
28	1	29	17	0.230835
28	1	29	18	0.273851
28	1	29	19	0.0356019
28	1	29	20	0.162898
28	1	29	21	0.180077
28	2	29	1	0.27379
28	2	29	2	0.179352
28	2	29	3	0.27388
28	2	29	4	0.229206
28	2	29	5	0.273962
28	2	29	6	0.181277
28	2	29	7	0.273494
28	2	29	8	0.208362
28	2	29	9	0.185287
28	2	29	10	0.0396275
28	2	29	11	0.179146
28	2	29	12	0.273964
28	2	29	13	0.230939
28	2	29	14	0.221534
28	2	29	15	0.278846
28	2	29	16	0.273481
28	2	29	17	0.230781
28	2	29	18	0.273799
28	2	29	19	0.0350382
28	2	29	20	0.162222
28	2	29	21	0.17974
28	3	29	1	0.271123
28	3	29	2	0.176732
28	3	29	3	0.271212
28	3	29	4	0.226538
28	3	29	5	0.271294
28	3	29	6	0.178659
28	3	29	7	0.270826
28	3	29	8	0.205692
28	3	29	9	0.182676
28	3	29	10	0.0370942
28	3	29	11	0.176522
28	3	29	12	0.271299
28	3	29	13	0.22827
28	3	29	14	0.218856
28	3	29	15	0.276232
28	3	29	16	0.270817
28	3	29	17	0.228113
28	3	29	18	0.271131
28	3	29	19	0.0324631
28	3	29	20	0.159661
28	3	29	21	0.177119
28	1	34	1	6.08155
28	1	34	2	1454.18
28	1	34	3	1686.51
28	1	34	4	4.49628
28	1	34	5	65.6358
28	1	34	6	1724
28	1	34	7	2.80306
28	1	34	8	7.62737
28	2	34	1	5.47497
28	2	34	2	1046.9
28	2	34	3	1878.3
28	2	34	4	2.53662
28	2	34	5	51.7911
28	2	34	6	2030.21
28	2	34	7	1.48693
28	2	34	8	4.17181
28	3	34	1	4.4764
28	3	34	2	1056.73
28	3	34	3	1700.66
28	3	34	4	2.26226
28	3	34	5	58.8127
28	3	34	6	1793.46
28	3	34	7	0.929173
28	3	34	8	4.0481
29	1	34	1	-0.132735
29	1	34	2	-0.0260944
29	1	34	3	0.122877
29	1	34	4	-0.0503909
29	1	34	5	-0.0403458
29	1	34	6	-0.0158713
29	1	34	7	-0.0473499
29	1	34	8	-0.055075
29	2	34	1	-0.132735
29	2	34	2	-0.0260944
29	2	34	3	0.124609
29	2	34	4	-0.0503909
29	2	34	5	-0.0403458
29	2	34	6	-0.0158713
29	2	34	7	-0.0473499
29	2	34	8	-0.055075
29	3	34	1	-0.132735
29	3	34	2	-0.0260944
29	3	34	3	0.122877
29	3	34	4	-0.0503909
29	3	34	5	-0.0403458
29	3	34	6	-0.0158713
29	3	34	7	-0.0473499
29	3	34	8	-0.055075
29	4	34	1	-0.132735
29	4	34	2	-0.0260944
29	4	34	3	0.122877
29	4	34	4	-0.0503909
29	4	34	5	-0.0403458
29	4	34	6	-0.0158713
29	4	34	7	-0.0473499
29	4	34	8	-0.055075
29	5	34	1	-0.132735
29	5	34	2	-0.0260944
29	5	34	3	0.122877
29	5	34	4	-0.0503909
29	5	34	5	-0.0403458
29	5	34	6	-0.0158713
29	5	34	7	-0.0473499
29	5	34	8	-0.055075
29	6	34	1	-0.132735
29	6	34	2	-0.0260944
29	6	34	3	0.124339
29	6	34	4	-0.0503909
29	6	34	5	-0.0403458
29	6	34	6	-0.0158713
29	6	34	7	-0.0473499
29	6	34	8	-0.055075
29	7	34	1	-0.132735
29	7	34	2	-0.0260944
29	7	34	3	0.122877
29	7	34	4	-0.0503909
29	7	34	5	-0.0403458
29	7	34	6	-0.0158713
29	7	34	7	-0.0473499
29	7	34	8	-0.055075
29	8	34	1	-0.132735
29	8	34	2	-0.0260944
29	8	34	3	0.124086
29	8	34	4	-0.0503909
29	8	34	5	-0.0403458
29	8	34	6	-0.0158713
29	8	34	7	-0.0473499
29	8	34	8	-0.055075
29	9	34	1	-0.132735
29	9	34	2	-0.0260944
29	9	34	3	0.123574
29	9	34	4	-0.0503909
29	9	34	5	-0.0403458
29	9	34	6	-0.0158713
29	9	34	7	-0.0473499
29	9	34	8	-0.055075
29	10	34	1	-0.132735
29	10	34	2	-0.0260944
29	10	34	3	0.12559
29	10	34	4	-0.0503909
29	10	34	5	-0.0403458
29	10	34	6	-0.0158713
29	10	34	7	-0.0473499
29	10	34	8	-0.055075
29	11	34	1	-0.132735
29	11	34	2	-0.0260944
29	11	34	3	0.124456
29	11	34	4	-0.0503909
29	11	34	5	-0.0403458
29	11	34	6	-0.0158713
29	11	34	7	-0.0473499
29	11	34	8	-0.055075
29	12	34	1	-0.132735
29	12	34	2	-0.0260944
29	12	34	3	0.122876
29	12	34	4	-0.0503909
29	12	34	5	-0.0403458
29	12	34	6	-0.0158713
29	12	34	7	-0.0473499
29	12	34	8	-0.055075
29	13	34	1	-0.132735
29	13	34	2	-0.0260944
29	13	34	3	0.122877
29	13	34	4	-0.0503909
29	13	34	5	-0.0403458
29	13	34	6	-0.0158713
29	13	34	7	-0.0473499
29	13	34	8	-0.055075
29	14	34	1	-0.132735
29	14	34	2	-0.0260944
29	14	34	3	0.122877
29	14	34	4	-0.0503909
29	14	34	5	-0.0403458
29	14	34	6	-0.0158713
29	14	34	7	-0.0473499
29	14	34	8	-0.055075
29	15	34	1	-0.132735
29	15	34	2	-0.0260944
29	15	34	3	0.124197
29	15	34	4	-0.0503909
29	15	34	5	-0.0403458
29	15	34	6	-0.0158713
29	15	34	7	-0.0473499
29	15	34	8	-0.055075
29	16	34	1	-0.132735
29	16	34	2	-0.0260944
29	16	34	3	0.122876
29	16	34	4	-0.0503909
29	16	34	5	-0.0403458
29	16	34	6	-0.0158713
29	16	34	7	-0.0473499
29	16	34	8	-0.055075
29	17	34	1	-0.132735
29	17	34	2	-0.0260944
29	17	34	3	0.122877
29	17	34	4	-0.0503909
29	17	34	5	-0.0403458
29	17	34	6	-0.0158713
29	17	34	7	-0.0473499
29	17	34	8	-0.055075
29	18	34	1	-0.132735
29	18	34	2	-0.0260944
29	18	34	3	0.122877
29	18	34	4	-0.0503909
29	18	34	5	-0.0403458
29	18	34	6	-0.0158713
29	18	34	7	-0.0473499
29	18	34	8	-0.055075
29	19	34	1	-0.132735
29	19	34	2	-0.0260944
29	19	34	3	0.125928
29	19	34	4	-0.0503909
29	19	34	5	-0.0403458
29	19	34	6	-0.0158713
29	19	34	7	-0.0473499
29	19	34	8	-0.055075
29	20	34	1	-0.132735
29	20	34	2	-0.0260944
29	20	34	3	0.126276
29	20	34	4	-0.0503909
29	20	34	5	-0.0403458
29	20	34	6	-0.0158713
29	20	34	7	-0.0473499
29	20	34	8	-0.055075
29	21	34	1	-0.132735
29	21	34	2	-0.0260944
29	21	34	3	0.124512
29	21	34	4	-0.0503909
29	21	34	5	-0.0403458
29	21	34	6	-0.0158713
29	21	34	7	-0.0473499
29	21	34	8	-0.055075
[END TWOBODY SEQPOS1/ROTINDEX1/SEQPOS2/ROTINDEX2/ENERGY]
